Circle #	Center X	Center Y	Center X (µm)	Center Y (µm)	Radius	Radius (µm)	
1	3905,00	18,00	1837,65	403,29	6,00	2,82	
2	2794,00	38,00	1314,82	393,88	6,00	2,82	
3	3865,00	48,00	1818,82	389,18	10,00	4,71	
4	2793,00	51,00	1314,35	387,76	7,00	3,29	
5	3715,00	51,00	1748,24	387,76	5,00	2,35	
6	3711,00	62,00	1746,35	382,59	6,00	2,82	
7	2868,00	74,00	1349,65	376,94	9,00	4,24	
8	3714,00	77,00	1747,76	375,53	5,00	2,35	
9	2798,00	88,00	1316,71	370,35	5,00	2,35	
10	3706,00	89,00	1744,00	369,88	7,00	3,29	
11	2904,00	90,00	1366,59	369,41	5,00	2,35	
12	2921,00	95,00	1374,59	367,06	6,00	2,82	
13	3312,00	97,00	1558,59	366,12	5,00	2,35	
14	3317,00	101,00	1560,94	364,24	5,00	2,35	
15	3046,00	112,00	1433,41	359,06	7,00	3,29	
16	2784,00	113,00	1310,12	358,59	5,00	2,35	
17	2797,00	128,00	1316,24	351,53	9,00	4,24	
18	2928,00	126,00	1377,88	352,47	8,00	3,76	
19	3840,00	129,00	1807,06	351,06	5,00	2,35	
20	1818,00	138,00	855,53	346,82	8,00	3,76	
21	1843,00	139,00	867,29	346,35	7,00	3,29	
22	2786,00	139,00	1311,06	346,35	9,00	4,24	
23	2192,00	141,00	1031,53	345,41	5,00	2,35	
24	3044,00	162,00	1432,47	335,53	11,00	5,18	
25	2783,00	145,00	1309,65	343,53	9,00	4,24	
26	3084,00	146,00	1451,29	343,06	12,00	5,65	
27	1786,00	148,00	840,47	342,12	11,00	5,18	
28	3116,00	150,00	1466,35	341,18	6,00	2,82	
29	3728,00	150,00	1754,35	341,18	5,00	2,35	
30	1769,00	151,00	832,47	340,71	7,00	3,29	
31	1764,00	154,00	830,12	339,29	7,00	3,29	
32	2997,00	152,00	1410,35	340,24	35,00	16,47	
33	1851,00	153,00	871,06	339,76	12,00	5,65	
34	2145,00	153,00	1009,41	339,76	28,00	13,18	
35	2214,00	156,00	1041,88	338,35	5,00	2,35	
36	1208,00	164,00	568,47	334,59	7,00	3,29	
37	2136,00	162,00	1005,18	335,53	29,00	13,65	
38	1994,00	167,00	938,35	333,18	10,00	4,71	
39	1238,00	168,00	582,59	332,71	9,00	4,24	
40	1190,00	167,00	560,00	333,18	8,00	3,76	
41	1361,00	168,00	640,47	332,71	12,00	5,65	
42	2796,00	169,00	1315,76	332,24	5,00	2,35	
43	1162,00	171,00	546,82	331,29	12,00	5,65	
44	1732,00	172,00	815,06	330,82	8,00	3,76	
45	2187,00	172,00	1029,18	330,82	5,00	2,35	
46	2236,00	172,00	1052,24	330,82	6,00	2,82	
47	3211,00	173,00	1511,06	330,35	39,00	18,35	
48	1752,00	174,00	824,47	329,88	14,00	6,59	
49	1698,00	175,00	799,06	329,41	11,00	5,18	
50	1882,00	175,00	885,65	329,41	7,00	3,29	
51	3205,00	175,00	1508,24	329,41	39,00	18,35	
52	3187,00	178,00	1499,76	328,00	42,00	19,76	
53	1415,00	180,00	665,88	327,06	5,00	2,35	
54	2883,00	181,00	1356,71	326,59	44,00	20,71	
55	1149,00	182,00	540,71	326,12	17,00	8,00	
56	1689,00	182,00	794,82	326,12	10,00	4,71	
57	1770,00	183,00	832,94	325,65	7,00	3,29	
58	2885,00	194,00	1357,65	320,47	44,00	20,71	
59	2938,00	185,00	1382,59	324,71	5,00	2,35	
60	2074,00	185,00	976,00	324,71	7,00	3,29	
61	2083,00	185,00	980,24	324,71	7,00	3,29	
62	1423,00	190,00	669,65	322,35	5,00	2,35	
63	2261,00	190,00	1064,00	322,35	6,00	2,82	
64	2759,00	192,00	1298,35	321,41	8,00	3,76	
65	1434,00	192,00	674,82	321,41	5,00	2,35	
66	2135,00	193,00	1004,71	320,94	29,00	13,65	
67	2990,00	193,00	1407,06	320,94	39,00	18,35	
68	1790,00	194,00	842,35	320,47	7,00	3,29	
69	1628,00	195,00	766,12	320,00	20,00	9,41	
70	1210,00	196,00	569,41	319,53	12,00	5,65	
71	1265,00	196,00	595,29	319,53	17,00	8,00	
72	1456,00	196,00	685,18	319,53	8,00	3,76	
73	1947,00	196,00	916,24	319,53	35,00	16,47	
74	1615,00	197,00	760,00	319,06	19,00	8,94	
75	1809,00	199,00	851,29	318,12	8,00	3,76	
76	1595,00	201,00	750,59	317,18	20,00	9,41	
77	1875,00	201,00	882,35	317,18	8,00	3,76	
78	1589,00	202,00	747,76	316,71	20,00	9,41	
79	1319,00	203,00	620,71	316,24	5,00	2,35	
80	1878,00	203,00	883,76	316,24	8,00	3,76	
81	1322,00	205,00	622,12	315,29	5,00	2,35	
82	2046,00	205,00	962,82	315,29	16,00	7,53	
83	1231,00	210,00	579,29	312,94	17,00	8,00	
84	1841,00	209,00	866,35	313,41	5,00	2,35	
85	2031,00	210,00	955,76	312,94	13,00	6,12	
86	1364,00	215,00	641,88	310,59	5,00	2,35	
87	1230,00	221,00	578,82	307,76	17,00	8,00	
88	1382,00	220,00	650,35	308,24	6,00	2,82	
89	1763,00	218,00	829,65	309,18	10,00	4,71	
90	2063,00	218,00	970,82	309,18	15,00	7,06	
91	1670,00	219,00	785,88	308,71	11,00	5,18	
92	1770,00	228,00	832,94	304,47	13,00	6,12	
93	3094,00	225,00	1456,00	305,88	5,00	2,35	
94	1033,00	226,00	486,12	305,41	31,00	14,59	
95	1162,00	228,00	546,82	304,47	5,00	2,35	
96	1721,00	226,00	809,88	305,41	19,00	8,94	
97	2283,00	226,00	1074,35	305,41	20,00	9,41	
98	1447,00	231,00	680,94	303,06	19,00	8,94	
99	2292,00	227,00	1078,59	304,94	20,00	9,41	
100	1791,00	230,00	842,82	303,53	6,00	2,82	
101	2205,00	229,00	1037,65	304,00	21,00	9,88	
102	1914,00	231,00	900,71	303,06	10,00	4,71	
103	2260,00	232,00	1063,53	302,59	17,00	8,00	
104	1023,00	233,00	481,41	302,12	33,00	15,53	
105	3592,00	233,00	1690,35	302,12	5,00	2,35	
106	1168,00	234,00	549,65	301,65	5,00	2,35	
107	1455,00	237,00	684,71	300,24	19,00	8,94	
108	1144,00	240,00	538,35	298,82	8,00	3,76	
109	1411,00	239,00	664,00	299,29	5,00	2,35	
110	1847,00	241,00	869,18	298,35	21,00	9,88	
111	3149,00	241,00	1481,88	298,35	6,00	2,82	
112	2078,00	241,00	977,88	298,35	20,00	9,41	
113	1498,00	243,00	704,94	297,41	16,00	7,53	
114	1810,00	243,00	851,76	297,41	9,00	4,24	
115	3624,00	242,00	1705,41	297,88	5,00	2,35	
116	1329,00	244,00	625,41	296,94	18,00	8,47	
117	1522,00	246,00	716,24	296,00	14,00	6,59	
118	1690,00	244,00	795,29	296,94	7,00	3,29	
119	1474,00	246,00	693,65	296,00	14,00	6,59	
120	1693,00	246,00	796,71	296,00	7,00	3,29	
121	2000,00	249,00	941,18	294,59	6,00	2,82	
122	2036,00	250,00	958,12	294,12	6,00	2,82	
123	1604,00	251,00	754,82	293,65	25,00	11,76	
124	2130,00	252,00	1002,35	293,18	5,00	2,35	
125	2267,00	251,00	1066,82	293,65	6,00	2,82	
126	1906,00	254,00	896,94	292,24	5,00	2,35	
127	2787,00	255,00	1311,53	291,76	5,00	2,35	
128	1997,00	257,00	939,76	290,82	5,00	2,35	
129	2783,00	256,00	1309,65	291,29	5,00	2,35	
130	2795,00	257,00	1315,29	290,82	5,00	2,35	
131	2028,00	257,00	954,35	290,82	6,00	2,82	
132	1691,00	259,00	795,76	289,88	8,00	3,76	
133	1764,00	261,00	830,12	288,94	5,00	2,35	
134	1686,00	262,00	793,41	288,47	7,00	3,29	
135	1730,00	262,00	814,12	288,47	5,00	2,35	
136	1258,00	263,00	592,00	288,00	35,00	16,47	
137	1649,00	263,00	776,00	288,00	8,00	3,76	
138	3895,00	263,00	1832,94	288,00	8,00	3,76	
139	3000,00	265,00	1411,76	287,06	6,00	2,82	
140	1536,00	269,00	722,82	285,18	5,00	2,35	
141	1968,00	266,00	926,12	286,59	6,00	2,82	
142	2784,00	267,00	1310,12	286,12	5,00	2,35	
143	2975,00	269,00	1400,00	285,18	5,00	2,35	
144	1955,00	269,00	920,00	285,18	7,00	3,29	
145	1656,00	271,00	779,29	284,24	6,00	2,82	
146	1949,00	271,00	917,18	284,24	7,00	3,29	
147	1571,00	273,00	739,29	283,29	8,00	3,76	
148	1909,00	274,00	898,35	282,82	13,00	6,12	
149	2887,00	273,00	1358,59	283,29	5,00	2,35	
150	3860,00	272,00	1816,47	283,76	5,00	2,35	
151	2152,00	275,00	1012,71	282,35	9,00	4,24	
152	1338,00	278,00	629,65	280,94	33,00	15,53	
153	2331,00	280,00	1096,94	280,00	24,00	11,29	
154	1979,00	279,00	931,29	280,47	8,00	3,76	
155	2245,00	280,00	1056,47	280,00	9,00	4,24	
156	1148,00	281,00	540,24	279,53	19,00	8,94	
157	1725,00	281,00	811,76	279,53	5,00	2,35	
158	2378,00	281,00	1119,06	279,53	8,00	3,76	
159	1661,00	283,00	781,65	278,59	6,00	2,82	
160	2240,00	282,00	1054,12	279,06	9,00	4,24	
161	1710,00	284,00	804,71	278,12	7,00	3,29	
162	2110,00	284,00	992,94	278,12	8,00	3,76	
163	1652,00	287,00	777,41	276,71	5,00	2,35	
164	1704,00	286,00	801,88	277,18	7,00	3,29	
165	2213,00	286,00	1041,41	277,18	6,00	2,82	
166	2224,00	286,00	1046,59	277,18	5,00	2,35	
167	2032,00	287,00	956,24	276,71	21,00	9,88	
168	2159,00	288,00	1016,00	276,24	11,00	5,18	
169	1411,00	288,00	664,00	276,24	7,00	3,29	
170	2148,00	292,00	1010,82	274,35	8,00	3,76	
171	2166,00	292,00	1019,29	274,35	11,00	5,18	
172	3907,00	294,00	1838,59	273,41	5,00	2,35	
173	1053,00	296,00	495,53	272,47	7,00	3,29	
174	1958,00	297,00	921,41	272,00	5,00	2,35	
175	1488,00	302,00	700,24	269,65	5,00	2,35	
176	1916,00	300,00	901,65	270,59	10,00	4,71	
177	1761,00	302,00	828,71	269,65	7,00	3,29	
178	1474,00	305,00	693,65	268,24	5,00	2,35	
179	1901,00	305,00	894,59	268,24	15,00	7,06	
180	1028,00	313,00	483,76	264,47	17,00	8,00	
181	1762,00	313,00	829,18	264,47	7,00	3,29	
182	2166,00	314,00	1019,29	264,00	14,00	6,59	
183	1026,00	315,00	482,82	263,53	17,00	8,00	
184	1432,00	320,00	673,88	261,18	23,00	10,82	
185	2017,00	323,00	949,18	259,76	5,00	2,35	
186	1708,00	324,00	803,76	259,29	11,00	5,18	
187	1321,00	325,00	621,65	258,82	5,00	2,35	
188	1053,00	326,00	495,53	258,35	9,00	4,24	
189	1685,00	327,00	792,94	257,88	5,00	2,35	
190	2117,00	329,00	996,24	256,94	9,00	4,24	
191	1922,00	330,00	904,47	256,47	6,00	2,82	
192	1974,00	331,00	928,94	256,00	5,00	2,35	
193	2147,00	334,00	1010,35	254,59	6,00	2,82	
194	2363,00	333,00	1112,00	255,06	27,00	12,71	
195	1193,00	336,00	561,41	253,65	7,00	3,29	
196	2016,00	337,00	948,71	253,18	5,00	2,35	
197	2226,00	337,00	1047,53	253,18	8,00	3,76	
198	2251,00	340,00	1059,29	251,76	5,00	2,35	
199	1863,00	340,00	876,71	251,76	33,00	15,53	
200	2014,00	342,00	947,76	250,82	5,00	2,35	
201	1742,00	343,00	819,76	250,35	5,00	2,35	
202	1356,00	344,00	638,12	249,88	7,00	3,29	
203	2230,00	345,00	1049,41	249,41	8,00	3,76	
204	1627,00	349,00	765,65	247,53	38,00	17,88	
205	1365,00	350,00	642,35	247,06	8,00	3,76	
206	1719,00	349,00	808,94	247,53	11,00	5,18	
207	1836,00	349,00	864,00	247,53	36,00	16,94	
208	1929,00	349,00	907,76	247,53	9,00	4,24	
209	1962,00	349,00	923,29	247,53	8,00	3,76	
210	2285,00	351,00	1075,29	246,59	18,00	8,47	
211	1979,00	353,00	931,29	245,65	5,00	2,35	
212	1991,00	352,00	936,94	246,12	7,00	3,29	
213	2378,00	352,00	1119,06	246,12	25,00	11,76	
214	1119,00	355,00	526,59	244,71	30,00	14,12	
215	1538,00	354,00	723,76	245,18	38,00	17,88	
216	2288,00	355,00	1076,71	244,71	17,00	8,00	
217	1997,00	356,00	939,76	244,24	6,00	2,82	
218	2290,00	358,00	1077,65	243,29	17,00	8,00	
219	2010,00	360,00	945,88	242,35	6,00	2,82	
220	2292,00	362,00	1078,59	241,41	17,00	8,00	
221	2380,00	360,00	1120,00	242,35	26,00	12,24	
222	1199,00	362,00	564,24	241,41	11,00	5,18	
223	1220,00	363,00	574,12	240,94	6,00	2,82	
224	2074,00	364,00	976,00	240,47	6,00	2,82	
225	2102,00	362,00	989,18	241,41	6,00	2,82	
226	2381,00	363,00	1120,47	240,94	26,00	12,24	
227	2382,00	365,00	1120,94	240,00	26,00	12,24	
228	2384,00	368,00	1121,88	238,59	26,00	12,24	
229	1720,00	370,00	809,41	237,65	11,00	5,18	
230	2020,00	371,00	950,59	237,18	7,00	3,29	
231	2296,00	370,00	1080,47	237,65	16,00	7,53	
232	2199,00	371,00	1034,82	237,18	6,00	2,82	
233	2201,00	372,00	1035,76	236,71	6,00	2,82	
234	2297,00	372,00	1080,94	236,71	16,00	7,53	
235	2386,00	372,00	1122,82	236,71	26,00	12,24	
236	1576,00	373,00	741,65	236,24	50,00	23,53	
237	2142,00	375,00	1008,00	235,29	5,00	2,35	
238	2023,00	376,00	952,00	234,82	7,00	3,29	
239	1419,00	378,00	667,76	233,88	6,00	2,82	
240	1455,00	378,00	684,71	233,88	9,00	4,24	
241	2024,00	378,00	952,47	233,88	7,00	3,29	
242	967,00	380,00	455,06	232,94	7,00	3,29	
243	1465,00	381,00	689,41	232,47	11,00	5,18	
244	910,00	382,00	428,24	232,00	10,00	4,71	
245	935,00	382,00	440,00	232,00	8,00	3,76	
246	2199,00	383,00	1034,82	231,53	5,00	2,35	
247	923,00	386,00	434,35	230,12	9,00	4,24	
248	2125,00	388,00	1000,00	229,18	5,00	2,35	
249	2391,00	386,00	1125,18	230,12	28,00	13,18	
250	878,00	389,00	413,18	228,71	14,00	6,59	
251	2439,00	388,00	1147,76	229,18	10,00	4,71	
252	1909,00	391,00	898,35	227,76	7,00	3,29	
253	874,00	392,00	411,29	227,29	14,00	6,59	
254	2298,00	393,00	1081,41	226,82	21,00	9,88	
255	869,00	393,00	408,94	226,82	14,00	6,59	
256	1024,00	395,00	481,88	225,88	33,00	15,53	
257	1195,00	397,00	562,35	224,94	19,00	8,94	
258	1952,00	397,00	918,59	224,94	5,00	2,35	
259	2037,00	398,00	958,59	224,47	11,00	5,18	
260	2129,00	400,00	1001,88	223,53	6,00	2,82	
261	2181,00	400,00	1026,35	223,53	17,00	8,00	
262	863,00	400,00	406,12	223,53	13,00	6,12	
263	1953,00	400,00	919,06	223,53	5,00	2,35	
264	1975,00	401,00	929,41	223,06	8,00	3,76	
265	2449,00	401,00	1152,47	223,06	11,00	5,18	
266	2248,00	403,00	1057,88	222,12	8,00	3,76	
267	1470,00	404,00	691,76	221,65	5,00	2,35	
268	2090,00	404,00	983,53	221,65	13,00	6,12	
269	1668,00	406,00	784,94	220,71	5,00	2,35	
270	1884,00	409,00	886,59	219,29	6,00	2,82	
271	2131,00	415,00	1002,82	216,47	7,00	3,29	
272	1051,00	413,00	494,59	217,41	37,00	17,41	
273	1882,00	413,00	885,65	217,41	6,00	2,82	
274	1923,00	413,00	904,94	217,41	12,00	5,65	
275	1995,00	414,00	938,82	216,94	6,00	2,82	
276	2077,00	415,00	977,41	216,47	11,00	5,18	
277	2235,00	416,00	1051,76	216,00	10,00	4,71	
278	837,00	417,00	393,88	215,53	9,00	4,24	
279	1996,00	416,00	939,29	216,00	6,00	2,82	
280	2005,00	418,00	943,53	215,06	6,00	2,82	
281	1159,00	420,00	545,41	214,12	8,00	3,76	
282	1403,00	420,00	660,24	214,12	6,00	2,82	
283	1739,00	420,00	818,35	214,12	5,00	2,35	
284	2153,00	420,00	1013,18	214,12	10,00	4,71	
285	2455,00	420,00	1155,29	214,12	10,00	4,71	
286	1162,00	421,00	546,82	213,65	8,00	3,76	
287	1752,00	424,00	824,47	212,24	7,00	3,29	
288	1133,00	426,00	533,18	211,29	5,00	2,35	
289	831,00	427,00	391,06	210,82	10,00	4,71	
290	1095,00	432,00	515,29	208,47	5,00	2,35	
291	1303,00	427,00	613,18	210,82	15,00	7,06	
292	1490,00	428,00	701,18	210,35	13,00	6,12	
293	1301,00	428,00	612,24	210,35	15,00	7,06	
294	1652,00	429,00	777,41	209,88	10,00	4,71	
295	2227,00	430,00	1048,00	209,41	8,00	3,76	
296	1296,00	430,00	609,88	209,41	16,00	7,53	
297	1885,00	430,00	887,06	209,41	5,00	2,35	
298	1920,00	434,00	903,53	207,53	6,00	2,82	
299	986,00	431,00	464,00	208,94	10,00	4,71	
300	1281,00	431,00	602,82	208,94	13,00	6,12	
301	822,00	433,00	386,82	208,00	6,00	2,82	
302	1182,00	435,00	556,24	207,06	13,00	6,12	
303	1481,00	435,00	696,94	207,06	11,00	5,18	
304	1002,00	435,00	471,53	207,06	5,00	2,35	
305	984,00	436,00	463,06	206,59	10,00	4,71	
306	1446,00	436,00	680,47	206,59	17,00	8,00	
307	1806,00	437,00	849,88	206,12	10,00	4,71	
308	1156,00	437,00	544,00	206,12	5,00	2,35	
309	982,00	438,00	462,12	205,65	10,00	4,71	
310	1862,00	438,00	876,24	205,65	5,00	2,35	
311	1957,00	438,00	920,94	205,65	5,00	2,35	
312	1623,00	439,00	763,76	205,18	8,00	3,76	
313	1736,00	440,00	816,94	204,71	8,00	3,76	
314	1910,00	441,00	898,82	204,24	5,00	2,35	
315	1951,00	441,00	918,12	204,24	6,00	2,82	
316	871,00	444,00	409,88	202,82	19,00	8,94	
317	1737,00	443,00	817,41	203,29	8,00	3,76	
318	1896,00	443,00	892,24	203,29	7,00	3,29	
319	1376,00	446,00	647,53	201,88	20,00	9,41	
320	1513,00	449,00	712,00	200,47	5,00	2,35	
321	1717,00	449,00	808,00	200,47	5,00	2,35	
322	1590,00	450,00	748,24	200,00	14,00	6,59	
323	1980,00	455,00	931,76	197,65	8,00	3,76	
324	814,00	452,00	383,06	199,06	9,00	4,24	
325	1742,00	456,00	819,76	197,18	7,00	3,29	
326	2205,00	457,00	1037,65	196,71	17,00	8,00	
327	1901,00	463,00	894,59	193,88	5,00	2,35	
328	1955,00	463,00	920,00	193,88	7,00	3,29	
329	813,00	465,00	382,59	192,94	11,00	5,18	
330	1213,00	465,00	570,82	192,94	7,00	3,29	
331	1119,00	467,00	526,59	192,00	7,00	3,29	
332	1444,00	468,00	679,53	191,53	5,00	2,35	
333	1494,00	468,00	703,06	191,53	7,00	3,29	
334	1063,00	470,00	500,24	190,59	36,00	16,94	
335	1122,00	469,00	528,00	191,06	7,00	3,29	
336	1203,00	471,00	566,12	190,12	10,00	4,71	
337	841,00	473,00	395,76	189,18	5,00	2,35	
338	1929,00	476,00	907,76	187,76	8,00	3,76	
339	1983,00	474,00	933,18	188,71	7,00	3,29	
340	1797,00	476,00	845,65	187,76	8,00	3,76	
341	810,00	477,00	381,18	187,29	6,00	2,82	
342	1783,00	477,00	839,06	187,29	7,00	3,29	
343	2088,00	477,00	982,59	187,29	29,00	13,65	
344	899,00	480,00	423,06	185,88	8,00	3,76	
345	2080,00	480,00	978,82	185,88	30,00	14,12	
346	2154,00	480,00	1013,65	185,88	30,00	14,12	
347	1016,00	481,00	478,12	185,41	7,00	3,29	
348	1812,00	481,00	852,71	185,41	10,00	4,71	
349	1020,00	483,00	480,00	184,47	7,00	3,29	
350	1665,00	489,00	783,53	181,65	26,00	12,24	
351	1530,00	485,00	720,00	183,53	9,00	4,24	
352	1288,00	489,00	606,12	181,65	23,00	10,82	
353	1759,00	487,00	827,76	182,59	12,00	5,65	
354	963,00	490,00	453,18	181,18	20,00	9,41	
355	1838,00	489,00	864,94	181,65	7,00	3,29	
356	1140,00	490,00	536,47	181,18	6,00	2,82	
357	1562,00	490,00	735,06	181,18	7,00	3,29	
358	1437,00	491,00	676,24	180,71	9,00	4,24	
359	1809,00	495,00	851,29	178,82	8,00	3,76	
360	1391,00	494,00	654,59	179,29	6,00	2,82	
361	1706,00	494,00	802,82	179,29	6,00	2,82	
362	884,00	496,00	416,00	178,35	7,00	3,29	
363	855,00	497,00	402,35	177,88	6,00	2,82	
364	1537,00	500,00	723,29	176,47	6,00	2,82	
365	891,00	498,00	419,29	177,41	6,00	2,82	
366	1439,00	500,00	677,18	176,47	8,00	3,76	
367	1588,00	499,00	747,29	176,94	10,00	4,71	
368	1343,00	500,00	632,00	176,47	6,00	2,82	
369	1364,00	500,00	641,88	176,47	10,00	4,71	
370	1493,00	500,00	702,59	176,47	5,00	2,35	
371	1930,00	500,00	908,24	176,47	6,00	2,82	
372	2239,00	502,00	1053,65	175,53	39,00	18,35	
373	1763,00	504,00	829,65	174,59	6,00	2,82	
374	1040,00	503,00	489,41	175,06	7,00	3,29	
375	1125,00	505,00	529,41	174,12	7,00	3,29	
376	829,00	508,00	390,12	172,71	11,00	5,18	
377	1701,00	506,00	800,47	173,65	5,00	2,35	
378	904,00	507,00	425,41	173,18	11,00	5,18	
379	1879,00	509,00	884,24	172,24	16,00	7,53	
380	971,00	509,00	456,94	172,24	16,00	7,53	
381	1540,00	509,00	724,71	172,24	6,00	2,82	
382	1128,00	514,00	530,82	169,88	7,00	3,29	
383	973,00	517,00	457,88	168,47	17,00	8,00	
384	1627,00	518,00	765,65	168,00	11,00	5,18	
385	2073,00	518,00	975,53	168,00	15,00	7,06	
386	1020,00	519,00	480,00	167,53	5,00	2,35	
387	1146,00	521,00	539,29	166,59	7,00	3,29	
388	1593,00	521,00	749,65	166,59	9,00	4,24	
389	1272,00	521,00	598,59	166,59	32,00	15,06	
390	2191,00	522,00	1031,06	166,12	5,00	2,35	
391	878,00	522,00	413,18	166,12	5,00	2,35	
392	2074,00	531,00	976,00	161,88	16,00	7,53	
393	855,00	525,00	402,35	164,71	13,00	6,12	
394	2498,00	524,00	1175,53	165,18	14,00	6,59	
395	2309,00	528,00	1086,59	163,29	12,00	5,65	
396	820,00	530,00	385,88	162,35	13,00	6,12	
397	1633,00	530,00	768,47	162,35	6,00	2,82	
398	1502,00	531,00	706,82	161,88	5,00	2,35	
399	1597,00	531,00	751,53	161,88	8,00	3,76	
400	878,00	534,00	413,18	160,47	5,00	2,35	
401	1363,00	535,00	641,41	160,00	25,00	11,76	
402	1888,00	536,00	888,47	159,53	9,00	4,24	
403	1929,00	538,00	907,76	158,59	9,00	4,24	
404	841,00	540,00	395,76	157,65	18,00	8,47	
405	1825,00	541,00	858,82	157,18	9,00	4,24	
406	1900,00	543,00	894,12	156,24	5,00	2,35	
407	808,00	548,00	380,24	153,88	10,00	4,71	
408	1994,00	552,00	938,35	152,00	8,00	3,76	
409	2452,00	554,00	1153,88	151,06	26,00	12,24	
410	2184,00	555,00	1027,76	150,59	6,00	2,82	
411	2024,00	555,00	952,47	150,59	6,00	2,82	
412	805,00	557,00	378,82	149,65	11,00	5,18	
413	846,00	557,00	398,12	149,65	12,00	5,65	
414	2290,00	556,00	1077,65	150,12	16,00	7,53	
415	1075,00	557,00	505,88	149,65	9,00	4,24	
416	1168,00	558,00	549,65	149,18	5,00	2,35	
417	2066,00	558,00	972,24	149,18	18,00	8,47	
418	2293,00	557,00	1079,06	149,65	16,00	7,53	
419	1921,00	561,00	904,00	147,76	8,00	3,76	
420	1560,00	560,00	734,12	148,24	7,00	3,29	
421	1037,00	563,00	488,00	146,82	9,00	4,24	
422	1592,00	563,00	749,18	146,82	10,00	4,71	
423	1558,00	566,00	733,18	145,41	7,00	3,29	
424	1064,00	565,00	500,71	145,88	12,00	5,65	
425	1062,00	566,00	499,76	145,41	12,00	5,65	
426	1132,00	568,00	532,71	144,47	7,00	3,29	
427	1662,00	566,00	782,12	145,41	17,00	8,00	
428	1476,00	567,00	694,59	144,94	5,00	2,35	
429	792,00	569,00	372,71	144,00	5,00	2,35	
430	976,00	568,00	459,29	144,47	38,00	17,88	
431	1110,00	568,00	522,35	144,47	7,00	3,29	
432	1635,00	569,00	769,41	144,00	8,00	3,76	
433	1787,00	570,00	840,94	143,53	15,00	7,06	
434	1634,00	571,00	768,94	143,06	8,00	3,76	
435	1918,00	571,00	902,59	143,06	7,00	3,29	
436	2388,00	571,00	1123,76	143,06	12,00	5,65	
437	1184,00	574,00	557,18	141,65	8,00	3,76	
438	1851,00	577,00	871,06	140,24	15,00	7,06	
439	2470,00	575,00	1162,35	141,18	24,00	11,29	
440	875,00	576,00	411,76	140,71	9,00	4,24	
441	1136,00	577,00	534,59	140,24	6,00	2,82	
442	1298,00	576,00	610,82	140,71	7,00	3,29	
443	2318,00	576,00	1090,82	140,71	14,00	6,59	
444	1882,00	577,00	885,65	140,24	6,00	2,82	
445	2471,00	577,00	1162,82	140,24	24,00	11,29	
446	2355,00	580,00	1108,24	138,82	15,00	7,06	
447	2473,00	582,00	1163,76	137,88	24,00	11,29	
448	868,00	580,00	408,47	138,82	8,00	3,76	
449	1591,00	580,00	748,71	138,82	6,00	2,82	
450	1415,00	581,00	665,88	138,35	11,00	5,18	
451	1303,00	582,00	613,18	137,88	6,00	2,82	
452	1305,00	583,00	614,12	137,41	6,00	2,82	
453	891,00	584,00	419,29	136,94	7,00	3,29	
454	1160,00	584,00	545,88	136,94	5,00	2,35	
455	1996,00	584,00	939,29	136,94	13,00	6,12	
456	1145,00	587,00	538,82	135,53	6,00	2,82	
457	2019,00	586,00	950,12	136,00	14,00	6,59	
458	866,00	587,00	407,53	135,53	7,00	3,29	
459	2012,00	589,00	946,82	134,59	15,00	7,06	
460	2279,00	590,00	1072,47	134,12	5,00	2,35	
461	1915,00	591,00	901,18	133,65	7,00	3,29	
462	2484,00	594,00	1168,94	132,24	23,00	10,82	
463	1458,00	595,00	686,12	131,76	5,00	2,35	
464	1682,00	594,00	791,53	132,24	5,00	2,35	
465	785,00	595,00	369,41	131,76	9,00	4,24	
466	1094,00	599,00	514,82	129,88	8,00	3,76	
467	1797,00	600,00	845,65	129,41	10,00	4,71	
468	1875,00	597,00	882,35	130,82	12,00	5,65	
469	1913,00	597,00	900,24	130,82	7,00	3,29	
470	784,00	598,00	368,94	130,35	9,00	4,24	
471	1663,00	598,00	782,59	130,35	7,00	3,29	
472	1403,00	600,00	660,24	129,41	10,00	4,71	
473	1843,00	599,00	867,29	129,88	5,00	2,35	
474	1587,00	600,00	746,82	129,41	8,00	3,76	
475	2108,00	600,00	992,00	129,41	9,00	4,24	
476	1707,00	601,00	803,29	128,94	7,00	3,29	
477	1002,00	603,00	471,53	128,00	31,00	14,59	
478	1050,00	604,00	494,12	127,53	5,00	2,35	
479	1906,00	604,00	896,94	127,53	8,00	3,76	
480	2410,00	607,00	1134,12	126,12	6,00	2,82	
481	2431,00	605,00	1144,00	127,06	7,00	3,29	
482	2206,00	605,00	1038,12	127,06	8,00	3,76	
483	882,00	608,00	415,06	125,65	9,00	4,24	
484	2201,00	608,00	1035,76	125,65	8,00	3,76	
485	1519,00	613,00	714,82	123,29	9,00	4,24	
486	1697,00	610,00	798,59	124,71	5,00	2,35	
487	1661,00	610,00	781,65	124,71	8,00	3,76	
488	1845,00	612,00	868,24	123,76	6,00	2,82	
489	1218,00	612,00	573,18	123,76	30,00	14,12	
490	2498,00	613,00	1175,53	123,29	24,00	11,29	
491	1614,00	614,00	759,53	122,82	8,00	3,76	
492	1746,00	616,00	821,65	121,88	6,00	2,82	
493	2434,00	615,00	1145,41	122,35	8,00	3,76	
494	957,00	615,00	450,35	122,35	7,00	3,29	
495	2102,00	615,00	989,18	122,35	10,00	4,71	
496	1099,00	617,00	517,18	121,41	11,00	5,18	
497	1763,00	619,00	829,65	120,47	7,00	3,29	
498	2303,00	618,00	1083,76	120,94	5,00	2,35	
499	1454,00	619,00	684,24	120,47	5,00	2,35	
500	830,00	621,00	390,59	119,53	5,00	2,35	
501	1807,00	620,00	850,35	120,00	10,00	4,71	
502	2404,00	620,00	1131,29	120,00	9,00	4,24	
503	1522,00	623,00	716,24	118,59	9,00	4,24	
504	2113,00	621,00	994,35	119,53	7,00	3,29	
505	2523,00	621,00	1187,29	119,53	13,00	6,12	
506	1808,00	622,00	850,82	119,06	10,00	4,71	
507	877,00	624,00	412,71	118,12	8,00	3,76	
508	1498,00	625,00	704,94	117,65	6,00	2,82	
509	1611,00	624,00	758,12	118,12	7,00	3,29	
510	1651,00	624,00	776,94	118,12	6,00	2,82	
511	1809,00	624,00	851,29	118,12	10,00	4,71	
512	781,00	627,00	367,53	116,71	13,00	6,12	
513	1335,00	627,00	628,24	116,71	6,00	2,82	
514	1811,00	627,00	852,24	116,71	10,00	4,71	
515	1861,00	627,00	875,76	116,71	5,00	2,35	
516	725,00	629,00	341,18	115,76	5,00	2,35	
517	740,00	629,00	348,24	115,76	9,00	4,24	
518	1109,00	630,00	521,88	115,29	10,00	4,71	
519	1182,00	630,00	556,24	115,29	15,00	7,06	
520	1991,00	631,00	936,94	114,82	13,00	6,12	
521	2008,00	631,00	944,94	114,82	14,00	6,59	
522	866,00	632,00	407,53	114,35	12,00	5,65	
523	1179,00	634,00	554,82	113,41	15,00	7,06	
524	2450,00	634,00	1152,94	113,41	6,00	2,82	
525	1148,00	635,00	540,24	112,94	7,00	3,29	
526	2017,00	636,00	949,18	112,47	14,00	6,59	
527	822,00	636,00	386,82	112,47	7,00	3,29	
528	1527,00	636,00	718,59	112,47	8,00	3,76	
529	2148,00	637,00	1010,82	112,00	5,00	2,35	
530	1664,00	638,00	783,06	111,53	8,00	3,76	
531	1813,00	639,00	853,18	111,06	11,00	5,18	
532	2395,00	641,00	1127,06	110,12	8,00	3,76	
533	696,00	639,00	327,53	111,06	12,00	5,65	
534	1983,00	639,00	933,18	111,06	10,00	4,71	
535	2504,00	639,00	1178,35	111,06	13,00	6,12	
536	1250,00	643,00	588,24	109,18	5,00	2,35	
537	826,00	643,00	388,71	109,18	8,00	3,76	
538	1133,00	644,00	533,18	108,71	10,00	4,71	
539	1498,00	644,00	704,94	108,71	5,00	2,35	
540	2279,00	643,00	1072,47	109,18	6,00	2,82	
541	1271,00	644,00	598,12	108,71	9,00	4,24	
542	1358,00	644,00	639,06	108,71	5,00	2,35	
543	2178,00	645,00	1024,94	108,24	5,00	2,35	
544	2232,00	644,00	1050,35	108,71	5,00	2,35	
545	2246,00	644,00	1056,94	108,71	7,00	3,29	
546	1815,00	650,00	854,12	105,88	11,00	5,18	
547	2512,00	647,00	1182,12	107,29	13,00	6,12	
548	1748,00	650,00	822,59	105,88	10,00	4,71	
549	1961,00	650,00	922,82	105,88	10,00	4,71	
550	1949,00	651,00	917,18	105,41	9,00	4,24	
551	2548,00	651,00	1199,06	105,41	17,00	8,00	
552	1408,00	653,00	662,59	104,47	6,00	2,82	
553	1686,00	652,00	793,41	104,94	5,00	2,35	
554	2550,00	652,00	1200,00	104,94	17,00	8,00	
555	1555,00	654,00	731,76	104,00	10,00	4,71	
556	1681,00	654,00	791,06	104,00	5,00	2,35	
557	1858,00	654,00	874,35	104,00	5,00	2,35	
558	688,00	657,00	323,76	102,59	10,00	4,71	
559	1426,00	656,00	671,06	103,06	6,00	2,82	
560	2475,00	657,00	1164,71	102,59	5,00	2,35	
561	2408,00	657,00	1133,18	102,59	7,00	3,29	
562	2591,00	657,00	1219,29	102,59	5,00	2,35	
563	2365,00	659,00	1112,94	101,65	7,00	3,29	
564	2378,00	658,00	1119,06	102,12	6,00	2,82	
565	1814,00	660,00	853,65	101,18	11,00	5,18	
566	752,00	661,00	353,88	100,71	9,00	4,24	
567	2372,00	661,00	1116,24	100,71	7,00	3,29	
568	1180,00	662,00	555,29	100,24	5,00	2,35	
569	2407,00	662,00	1132,71	100,24	7,00	3,29	
570	1185,00	663,00	557,65	99,76	5,00	2,35	
571	817,00	666,00	384,47	98,35	13,00	6,12	
572	926,00	664,00	435,76	99,29	5,00	2,35	
573	997,00	665,00	469,18	98,82	46,00	21,65	
574	2109,00	666,00	992,47	98,35	17,00	8,00	
575	879,00	669,00	413,65	96,94	9,00	4,24	
576	1221,00	668,00	574,59	97,41	5,00	2,35	
577	1343,00	668,00	632,00	97,41	5,00	2,35	
578	1372,00	670,00	645,65	96,47	9,00	4,24	
579	1634,00	669,00	768,94	96,94	5,00	2,35	
580	2104,00	669,00	990,12	96,94	18,00	8,47	
581	1636,00	672,00	769,88	95,53	5,00	2,35	
582	2103,00	672,00	989,65	95,53	18,00	8,47	
583	694,00	674,00	326,59	94,59	9,00	4,24	
584	1490,00	673,00	701,18	95,06	6,00	2,82	
585	1863,00	676,00	876,71	93,65	6,00	2,82	
586	2514,00	675,00	1183,06	94,12	8,00	3,76	
587	1810,00	678,00	851,76	92,71	12,00	5,65	
588	1532,00	676,00	720,94	93,65	5,00	2,35	
589	2594,00	677,00	1220,71	93,18	8,00	3,76	
590	1290,00	677,00	607,06	93,18	8,00	3,76	
591	906,00	678,00	426,35	92,71	8,00	3,76	
592	1194,00	680,00	561,88	91,76	7,00	3,29	
593	775,00	681,00	364,71	91,29	8,00	3,76	
594	1017,00	680,00	478,59	91,76	39,00	18,35	
595	1154,00	680,00	543,06	91,76	6,00	2,82	
596	1384,00	683,00	651,29	90,35	6,00	2,82	
597	2439,00	681,00	1147,76	91,29	7,00	3,29	
598	2457,00	681,00	1156,24	91,29	9,00	4,24	
599	1727,00	682,00	812,71	90,82	8,00	3,76	
600	745,00	685,00	350,59	89,41	7,00	3,29	
601	1630,00	685,00	767,06	89,41	8,00	3,76	
602	813,00	687,00	382,59	88,47	8,00	3,76	
603	1268,00	687,00	596,71	88,47	6,00	2,82	
604	2469,00	687,00	1161,88	88,47	10,00	4,71	
605	1199,00	689,00	564,24	87,53	8,00	3,76	
606	814,00	689,00	383,06	87,53	8,00	3,76	
607	1310,00	690,00	616,47	87,06	10,00	4,71	
608	1795,00	692,00	844,71	86,12	8,00	3,76	
609	2549,00	690,00	1199,53	87,06	6,00	2,82	
610	1256,00	692,00	591,06	86,12	7,00	3,29	
611	1445,00	694,00	680,00	85,18	5,00	2,35	
612	1238,00	694,00	582,59	85,18	6,00	2,82	
613	2133,00	695,00	1003,76	84,71	7,00	3,29	
614	2310,00	694,00	1087,06	85,18	5,00	2,35	
615	820,00	696,00	385,88	84,24	10,00	4,71	
616	1765,00	696,00	830,59	84,24	6,00	2,82	
617	2249,00	697,00	1058,35	83,76	5,00	2,35	
618	1206,00	700,00	567,53	82,35	6,00	2,82	
619	1247,00	697,00	586,82	83,76	7,00	3,29	
620	705,00	698,00	331,76	83,29	7,00	3,29	
621	854,00	699,00	401,88	82,82	15,00	7,06	
622	1698,00	701,00	799,06	81,88	11,00	5,18	
623	1786,00	699,00	840,47	82,82	7,00	3,29	
624	821,00	700,00	386,35	82,35	10,00	4,71	
625	1124,00	702,00	528,94	81,41	10,00	4,71	
626	1728,00	701,00	813,18	81,88	5,00	2,35	
627	893,00	703,00	420,24	80,94	23,00	10,82	
628	1098,00	702,00	516,71	81,41	5,00	2,35	
629	2076,00	702,00	976,94	81,41	7,00	3,29	
630	1093,00	704,00	514,35	80,47	5,00	2,35	
631	717,00	704,00	337,41	80,47	10,00	4,71	
632	2065,00	705,00	971,76	80,00	9,00	4,24	
633	2598,00	707,00	1222,59	79,06	19,00	8,94	
634	1245,00	709,00	585,88	78,12	8,00	3,76	
635	2099,00	708,00	987,76	78,59	17,00	8,00	
636	2177,00	708,00	1024,47	78,59	18,00	8,47	
637	1217,00	710,00	572,71	77,65	10,00	4,71	
638	1609,00	714,00	757,18	75,76	7,00	3,29	
639	2286,00	714,00	1075,76	75,76	5,00	2,35	
640	1576,00	717,00	741,65	74,35	5,00	2,35	
641	1684,00	717,00	792,47	74,35	10,00	4,71	
642	1090,00	718,00	512,94	73,88	7,00	3,29	
643	1830,00	718,00	861,18	73,88	5,00	2,35	
644	2014,00	720,00	947,76	72,94	7,00	3,29	
645	2146,00	719,00	1009,88	73,41	14,00	6,59	
646	2501,00	718,00	1176,94	73,88	5,00	2,35	
647	1380,00	720,00	649,41	72,94	20,00	9,41	
648	1500,00	720,00	705,88	72,94	6,00	2,82	
649	1124,00	721,00	528,94	72,47	10,00	4,71	
650	911,00	722,00	428,71	72,00	10,00	4,71	
651	2609,00	723,00	1227,76	71,53	15,00	7,06	
652	1741,00	726,00	819,29	70,12	5,00	2,35	
653	1858,00	724,00	874,35	71,06	13,00	6,12	
654	1341,00	727,00	631,06	69,65	5,00	2,35	
655	830,00	729,00	390,59	68,71	14,00	6,59	
656	1288,00	728,00	606,12	69,18	8,00	3,76	
657	2548,00	730,00	1199,06	68,24	5,00	2,35	
658	1315,00	733,00	618,82	66,82	5,00	2,35	
659	766,00	732,00	360,47	67,29	23,00	10,82	
660	920,00	734,00	432,94	66,35	14,00	6,59	
661	1160,00	732,00	545,88	67,29	16,00	7,53	
662	1960,00	734,00	922,35	66,35	40,00	18,82	
663	1449,00	735,00	681,88	65,88	5,00	2,35	
664	2574,00	735,00	1211,29	65,88	10,00	4,71	
665	1300,00	737,00	611,76	64,94	9,00	4,24	
666	1344,00	737,00	632,47	64,94	6,00	2,82	
667	1638,00	737,00	770,82	64,94	5,00	2,35	
668	1961,00	740,00	922,82	63,53	40,00	18,82	
669	2581,00	738,00	1214,59	64,47	11,00	5,18	
670	1345,00	739,00	632,94	64,00	6,00	2,82	
671	2255,00	741,00	1061,18	63,06	5,00	2,35	
672	1075,00	742,00	505,88	62,59	5,00	2,35	
673	1148,00	742,00	540,24	62,59	17,00	8,00	
674	1188,00	743,00	559,06	62,12	7,00	3,29	
675	1352,00	743,00	636,24	62,12	5,00	2,35	
676	1792,00	744,00	843,29	61,65	10,00	4,71	
677	2091,00	745,00	984,00	61,18	5,00	2,35	
678	1485,00	745,00	698,82	61,18	6,00	2,82	
679	1964,00	746,00	924,24	60,71	40,00	18,82	
680	1006,00	747,00	473,41	60,24	5,00	2,35	
681	2062,00	748,00	970,35	59,76	14,00	6,59	
682	1965,00	748,00	924,71	59,76	40,00	18,82	
683	1796,00	749,00	845,18	59,29	10,00	4,71	
684	1762,00	751,00	829,18	58,35	7,00	3,29	
685	1358,00	753,00	639,06	57,41	9,00	4,24	
686	1253,00	754,00	589,65	56,94	6,00	2,82	
687	2491,00	754,00	1172,24	56,94	7,00	3,29	
688	2065,00	755,00	971,76	56,47	13,00	6,12	
689	1113,00	757,00	523,76	55,53	10,00	4,71	
690	1968,00	757,00	926,12	55,53	40,00	18,82	
691	1800,00	758,00	847,06	55,06	12,00	5,65	
692	2183,00	758,00	1027,29	55,06	5,00	2,35	
693	2257,00	758,00	1062,12	55,06	5,00	2,35	
694	1629,00	760,00	766,59	54,12	12,00	5,65	
695	2178,00	759,00	1024,94	54,59	5,00	2,35	
696	2096,00	761,00	986,35	53,65	6,00	2,82	
697	804,00	761,00	378,35	53,65	8,00	3,76	
698	802,00	765,00	377,41	51,76	8,00	3,76	
699	1537,00	763,00	723,29	52,71	34,00	16,00	
700	2256,00	763,00	1061,65	52,71	5,00	2,35	
701	1224,00	765,00	576,00	51,76	5,00	2,35	
702	969,00	773,00	456,00	48,00	20,00	9,41	
703	2105,00	766,00	990,59	51,29	5,00	2,35	
704	1441,00	767,00	678,12	50,82	5,00	2,35	
705	1803,00	768,00	848,47	50,35	11,00	5,18	
706	1266,00	768,00	595,76	50,35	5,00	2,35	
707	1615,00	769,00	760,00	49,88	7,00	3,29	
708	780,00	775,00	367,06	47,06	5,00	2,35	
709	1099,00	773,00	517,18	48,00	9,00	4,24	
710	1245,00	773,00	585,88	48,00	8,00	3,76	
711	2071,00	774,00	974,59	47,53	15,00	7,06	
712	753,00	777,00	354,35	46,12	12,00	5,65	
713	1874,00	775,00	881,88	47,06	19,00	8,94	
714	1883,00	779,00	886,12	45,18	19,00	8,94	
715	1089,00	781,00	512,47	44,24	5,00	2,35	
716	851,00	783,00	400,47	43,29	27,00	12,71	
717	793,00	784,00	373,18	42,82	6,00	2,82	
718	1118,00	784,00	526,12	42,82	5,00	2,35	
719	2661,00	787,00	1252,24	41,41	49,00	23,06	
720	2545,00	785,00	1197,65	42,35	5,00	2,35	
721	1185,00	786,00	557,65	41,88	8,00	3,76	
722	2096,00	787,00	986,35	41,41	13,00	6,12	
723	1739,00	789,00	818,35	40,47	5,00	2,35	
724	1816,00	788,00	854,59	40,94	11,00	5,18	
725	1300,00	791,00	611,76	39,53	7,00	3,29	
726	1359,00	794,00	639,53	38,12	10,00	4,71	
727	2592,00	794,00	1219,76	38,12	7,00	3,29	
728	911,00	797,00	428,71	36,71	6,00	2,82	
729	2486,00	796,00	1169,88	37,18	7,00	3,29	
730	1194,00	796,00	561,88	37,18	8,00	3,76	
731	1346,00	802,00	633,41	34,35	11,00	5,18	
732	2280,00	799,00	1072,94	35,76	13,00	6,12	
733	1305,00	800,00	614,12	35,29	6,00	2,82	
734	1316,00	801,00	619,29	34,82	5,00	2,35	
735	1595,00	802,00	750,59	34,35	5,00	2,35	
736	1198,00	804,00	563,76	33,41	8,00	3,76	
737	1375,00	802,00	647,06	34,35	12,00	5,65	
738	2263,00	803,00	1064,94	33,88	9,00	4,24	
739	2493,00	803,00	1173,18	33,88	5,00	2,35	
740	2597,00	805,00	1222,12	32,94	5,00	2,35	
741	775,00	806,00	364,71	32,47	12,00	5,65	
742	1320,00	805,00	621,18	32,94	5,00	2,35	
743	1200,00	810,00	564,71	30,59	8,00	3,76	
744	1399,00	809,00	658,35	31,06	10,00	4,71	
745	1130,00	810,00	531,76	30,59	5,00	2,35	
746	1158,00	811,00	544,94	30,12	6,00	2,82	
747	2040,00	811,00	960,00	30,12	7,00	3,29	
748	761,00	813,00	358,12	29,18	15,00	7,06	
749	2676,00	813,00	1259,29	29,18	47,00	22,12	
750	1184,00	815,00	557,18	28,24	6,00	2,82	
751	1458,00	815,00	686,12	28,24	5,00	2,35	
752	2029,00	817,00	954,82	27,29	8,00	3,76	
753	2677,00	816,00	1259,76	27,76	47,00	22,12	
754	1634,00	817,00	768,94	27,29	5,00	2,35	
755	2318,00	817,00	1090,82	27,29	12,00	5,65	
756	969,00	820,00	456,00	25,88	24,00	11,29	
757	1087,00	821,00	511,53	25,41	7,00	3,29	
758	1404,00	823,00	660,71	24,47	9,00	4,24	
759	2328,00	819,00	1095,53	26,35	11,00	5,18	
760	2230,00	822,00	1049,41	24,94	5,00	2,35	
761	1664,00	822,00	783,06	24,94	5,00	2,35	
762	1330,00	822,00	625,88	24,94	6,00	2,82	
763	1190,00	824,00	560,00	24,00	6,00	2,82	
764	1230,00	826,00	578,82	23,06	5,00	2,35	
765	1672,00	824,00	786,82	24,00	5,00	2,35	
766	2566,00	824,00	1207,53	24,00	9,00	4,24	
767	2574,00	826,00	1211,29	23,06	9,00	4,24	
768	1498,00	827,00	704,94	22,59	6,00	2,82	
769	2548,00	828,00	1199,06	22,12	6,00	2,82	
770	2067,00	829,00	972,71	21,65	5,00	2,35	
771	2525,00	831,00	1188,24	20,71	8,00	3,76	
772	1187,00	833,00	558,59	19,76	5,00	2,35	
773	2587,00	832,00	1217,41	20,24	10,00	4,71	
774	766,00	835,00	360,47	18,82	12,00	5,65	
775	876,00	834,00	412,24	19,29	5,00	2,35	
776	1131,00	843,00	532,24	15,06	9,00	4,24	
777	1278,00	835,00	601,41	18,82	5,00	2,35	
778	1967,00	833,00	925,65	19,76	13,00	6,12	
779	1960,00	834,00	922,35	19,29	13,00	6,12	
780	2234,00	835,00	1051,29	18,82	5,00	2,35	
781	1937,00	835,00	911,53	18,82	8,00	3,76	
782	2088,00	835,00	982,59	18,82	5,00	2,35	
783	1788,00	836,00	841,41	18,35	5,00	2,35	
784	1991,00	837,00	936,94	17,88	13,00	6,12	
785	2344,00	838,00	1103,06	17,41	7,00	3,29	
786	772,00	839,00	363,29	16,94	12,00	5,65	
787	1337,00	840,00	629,18	16,47	6,00	2,82	
788	1778,00	840,00	836,71	16,47	5,00	2,35	
789	2599,00	840,00	1223,06	16,47	8,00	3,76	
790	775,00	840,00	364,71	16,47	12,00	5,65	
791	1928,00	841,00	907,29	16,00	9,00	4,24	
792	783,00	843,00	368,47	15,06	12,00	5,65	
793	1756,00	843,00	826,35	15,06	5,00	2,35	
794	805,00	845,00	378,82	14,12	12,00	5,65	
795	1809,00	847,00	851,29	13,18	10,00	4,71	
796	1659,00	846,00	780,71	13,65	6,00	2,82	
797	2606,00	847,00	1226,35	13,18	8,00	3,76	
798	1911,00	847,00	899,29	13,18	8,00	3,76	
799	1343,00	850,00	632,00	11,76	5,00	2,35	
800	1146,00	850,00	539,29	11,76	7,00	3,29	
801	1160,00	851,00	545,88	11,29	6,00	2,82	
802	2076,00	851,00	976,94	11,29	10,00	4,71	
803	2164,00	860,00	1018,35	7,06	11,00	5,18	
804	2608,00	851,00	1227,29	11,29	8,00	3,76	
805	2064,00	852,00	971,29	10,82	9,00	4,24	
806	1156,00	853,00	544,00	10,35	6,00	2,82	
807	1099,00	856,00	517,18	8,94	5,00	2,35	
808	2118,00	854,00	996,71	9,88	6,00	2,82	
809	2186,00	854,00	1028,71	9,88	5,00	2,35	
810	854,00	858,00	401,88	8,00	12,00	5,65	
811	1885,00	856,00	887,06	8,94	12,00	5,65	
812	2193,00	857,00	1032,00	8,47	5,00	2,35	
813	1108,00	859,00	521,41	7,53	5,00	2,35	
814	1870,00	857,00	880,00	8,47	10,00	4,71	
815	1401,00	859,00	659,29	7,53	13,00	6,12	
816	1804,00	862,00	848,94	6,12	6,00	2,82	
817	2081,00	860,00	979,29	7,06	7,00	3,29	
818	1860,00	862,00	875,29	6,12	8,00	3,76	
819	2115,00	864,00	995,29	5,18	7,00	3,29	
820	999,00	865,00	470,12	4,71	14,00	6,59	
821	1311,00	864,00	616,94	5,18	7,00	3,29	
822	1428,00	865,00	672,00	4,71	12,00	5,65	
823	2215,00	864,00	1042,35	5,18	7,00	3,29	
824	1143,00	865,00	537,88	4,71	5,00	2,35	
825	1857,00	866,00	873,88	4,24	8,00	3,76	
826	2619,00	867,00	1232,47	3,76	12,00	5,65	
827	1445,00	868,00	680,00	3,29	12,00	5,65	
828	2006,00	869,00	944,00	2,82	11,00	5,18	
829	2343,00	869,00	1102,59	2,82	5,00	2,35	
830	2400,00	869,00	1129,41	2,82	5,00	2,35	
831	2396,00	870,00	1127,53	2,35	5,00	2,35	
832	1004,00	871,00	472,47	1,88	14,00	6,59	
833	2334,00	872,00	1098,35	1,41	5,00	2,35	
834	1116,00	875,00	525,18	0,00	6,00	2,82	
835	747,00	875,00	351,53	0,00	15,00	7,06	
836	1353,00	876,00	636,71	-0,47	5,00	2,35	
837	1592,00	876,00	749,18	-0,47	5,00	2,35	
838	1067,00	882,00	502,12	-3,29	5,00	2,35	
839	1942,00	881,00	913,88	-2,82	5,00	2,35	
840	2714,00	883,00	1277,18	-3,76	29,00	13,65	
841	1603,00	887,00	754,35	-5,65	5,00	2,35	
842	1682,00	883,00	791,53	-3,76	5,00	2,35	
843	1932,00	883,00	909,18	-3,76	6,00	2,82	
844	2035,00	883,00	957,65	-3,76	7,00	3,29	
845	1929,00	884,00	907,76	-4,24	6,00	2,82	
846	1358,00	887,00	639,06	-5,65	5,00	2,35	
847	1745,00	886,00	821,18	-5,18	5,00	2,35	
848	1669,00	889,00	785,41	-6,59	5,00	2,35	
849	1785,00	887,00	840,00	-5,65	12,00	5,65	
850	1921,00	887,00	904,00	-5,65	6,00	2,82	
851	1832,00	888,00	862,12	-6,12	10,00	4,71	
852	2335,00	887,00	1098,82	-5,65	6,00	2,82	
853	1726,00	888,00	812,24	-6,12	7,00	3,29	
854	1953,00	890,00	919,06	-7,06	5,00	2,35	
855	1878,00	889,00	883,76	-6,59	5,00	2,35	
856	820,00	890,00	385,88	-7,06	10,00	4,71	
857	2016,00	890,00	948,71	-7,06	5,00	2,35	
858	2040,00	890,00	960,00	-7,06	7,00	3,29	
859	744,00	901,00	350,12	-12,24	15,00	7,06	
860	1026,00	892,00	482,82	-8,00	13,00	6,12	
861	1827,00	894,00	859,76	-8,94	10,00	4,71	
862	2041,00	892,00	960,47	-8,00	7,00	3,29	
863	1119,00	894,00	526,59	-8,94	5,00	2,35	
864	2064,00	894,00	971,29	-8,94	10,00	4,71	
865	1063,00	896,00	500,24	-9,88	6,00	2,82	
866	2026,00	898,00	953,41	-10,82	5,00	2,35	
867	2043,00	897,00	961,41	-10,35	6,00	2,82	
868	2407,00	897,00	1132,71	-10,35	7,00	3,29	
869	2728,00	901,00	1283,76	-12,24	29,00	13,65	
870	1048,00	898,00	493,18	-10,82	5,00	2,35	
871	1938,00	899,00	912,00	-11,29	5,00	2,35	
872	792,00	902,00	372,71	-12,71	19,00	8,94	
873	1119,00	903,00	526,59	-13,18	5,00	2,35	
874	2073,00	905,00	975,53	-14,12	10,00	4,71	
875	2416,00	908,00	1136,94	-15,53	9,00	4,24	
876	2120,00	907,00	997,65	-15,06	13,00	6,12	
877	1118,00	912,00	526,12	-17,41	6,00	2,82	
878	2614,00	917,00	1230,12	-19,76	9,00	4,24	
879	984,00	913,00	463,06	-17,88	5,00	2,35	
880	1850,00	913,00	870,59	-17,88	5,00	2,35	
881	1922,00	914,00	904,47	-18,35	5,00	2,35	
882	2259,00	915,00	1063,06	-18,82	6,00	2,82	
883	2096,00	916,00	986,35	-19,29	8,00	3,76	
884	1114,00	919,00	524,24	-20,71	7,00	3,29	
885	1169,00	922,00	550,12	-22,12	5,00	2,35	
886	1362,00	922,00	640,94	-22,12	13,00	6,12	
887	1312,00	923,00	617,41	-22,59	14,00	6,59	
888	1211,00	924,00	569,88	-23,06	6,00	2,82	
889	1029,00	927,00	484,24	-24,47	6,00	2,82	
890	1192,00	926,00	560,94	-24,00	5,00	2,35	
891	1212,00	926,00	570,35	-24,00	6,00	2,82	
892	1916,00	928,00	901,65	-24,94	5,00	2,35	
893	2296,00	929,00	1080,47	-25,41	5,00	2,35	
894	2152,00	929,00	1012,71	-25,41	5,00	2,35	
895	790,00	930,00	371,76	-25,88	19,00	8,94	
896	1764,00	931,00	830,12	-26,35	11,00	5,18	
897	1788,00	931,00	841,41	-26,35	11,00	5,18	
898	1887,00	937,00	888,00	-29,18	5,00	2,35	
899	935,00	935,00	440,00	-28,24	47,00	22,12	
900	1920,00	934,00	903,53	-27,76	6,00	2,82	
901	1929,00	935,00	907,76	-28,24	5,00	2,35	
902	2579,00	937,00	1213,65	-29,18	14,00	6,59	
903	2540,00	940,00	1195,29	-30,59	5,00	2,35	
904	799,00	944,00	376,00	-32,47	19,00	8,94	
905	1847,00	942,00	869,18	-31,53	9,00	4,24	
906	2138,00	941,00	1006,12	-31,06	7,00	3,29	
907	2125,00	942,00	1000,00	-31,53	5,00	2,35	
908	1832,00	943,00	862,12	-32,00	6,00	2,82	
909	1365,00	947,00	642,35	-33,88	15,00	7,06	
910	3915,00	947,00	1842,35	-33,88	6,00	2,82	
911	1079,00	949,00	507,76	-34,82	5,00	2,35	
912	2142,00	948,00	1008,00	-34,35	7,00	3,29	
913	2597,00	949,00	1222,12	-34,82	14,00	6,59	
914	2293,00	949,00	1079,06	-34,82	5,00	2,35	
915	1850,00	953,00	870,59	-36,71	9,00	4,24	
916	1894,00	950,00	891,29	-35,29	5,00	2,35	
917	2003,00	950,00	942,59	-35,29	5,00	2,35	
918	1864,00	952,00	877,18	-36,24	5,00	2,35	
919	2045,00	953,00	962,35	-36,71	5,00	2,35	
920	948,00	956,00	446,12	-38,12	49,00	23,06	
921	1082,00	954,00	509,18	-37,18	5,00	2,35	
922	1995,00	955,00	938,82	-37,65	5,00	2,35	
923	2293,00	957,00	1079,06	-38,59	5,00	2,35	
924	1898,00	956,00	893,18	-38,12	5,00	2,35	
925	2258,00	958,00	1062,59	-39,06	8,00	3,76	
926	1261,00	958,00	593,41	-39,06	29,00	13,65	
927	2596,00	960,00	1221,65	-40,00	13,00	6,12	
928	2595,00	962,00	1221,18	-40,94	13,00	6,12	
929	1083,00	966,00	509,65	-42,82	6,00	2,82	
930	1696,00	963,00	798,12	-41,41	8,00	3,76	
931	2011,00	966,00	946,35	-42,82	5,00	2,35	
932	1113,00	966,00	523,76	-42,82	15,00	7,06	
933	2537,00	967,00	1193,88	-43,29	5,00	2,35	
934	1702,00	966,00	800,94	-42,82	9,00	4,24	
935	1153,00	967,00	542,59	-43,29	5,00	2,35	
936	1369,00	969,00	644,24	-44,24	11,00	5,18	
937	1050,00	972,00	494,12	-45,65	18,00	8,47	
938	1264,00	975,00	594,82	-47,06	27,00	12,71	
939	1137,00	971,00	535,06	-45,18	5,00	2,35	
940	1712,00	975,00	805,65	-47,06	10,00	4,71	
941	2077,00	972,00	977,41	-45,65	5,00	2,35	
942	2250,00	976,00	1058,82	-47,53	5,00	2,35	
943	1757,00	974,00	826,82	-46,59	5,00	2,35	
944	1177,00	976,00	553,88	-47,53	13,00	6,12	
945	1351,00	983,00	635,76	-50,82	5,00	2,35	
946	1722,00	981,00	810,35	-49,88	10,00	4,71	
947	1087,00	984,00	511,53	-51,29	6,00	2,82	
948	2114,00	982,00	994,82	-50,35	12,00	5,65	
949	1320,00	989,00	621,18	-53,65	5,00	2,35	
950	1925,00	991,00	905,88	-54,59	7,00	3,29	
951	1065,00	992,00	501,18	-55,06	5,00	2,35	
952	1084,00	997,00	510,12	-57,41	7,00	3,29	
953	1037,00	997,00	488,00	-57,41	18,00	8,47	
954	2581,00	997,00	1214,59	-57,41	20,00	9,41	
955	1548,00	997,00	728,47	-57,41	31,00	14,59	
956	1800,00	996,00	847,06	-56,94	5,00	2,35	
957	1157,00	998,00	544,47	-57,88	5,00	2,35	
958	1184,00	998,00	557,18	-57,88	7,00	3,29	
959	1309,00	1000,00	616,00	-58,82	5,00	2,35	
960	1911,00	1000,00	899,29	-58,82	6,00	2,82	
961	2070,00	1000,00	974,12	-58,82	5,00	2,35	
962	1372,00	1005,00	645,65	-61,18	5,00	2,35	
963	1821,00	1002,00	856,94	-59,76	6,00	2,82	
964	2577,00	1003,00	1212,71	-60,24	20,00	9,41	
965	1035,00	1004,00	487,06	-60,71	18,00	8,47	
966	1910,00	1005,00	898,82	-61,18	6,00	2,82	
967	1065,00	1005,00	501,18	-61,18	5,00	2,35	
968	1521,00	1005,00	715,76	-61,18	26,00	12,24	
969	1033,00	1007,00	486,12	-62,12	18,00	8,47	
970	1061,00	1006,00	499,29	-61,65	5,00	2,35	
971	1519,00	1006,00	714,82	-61,65	26,00	12,24	
972	2575,00	1006,00	1211,76	-61,65	20,00	9,41	
973	1514,00	1007,00	712,47	-62,12	26,00	12,24	
974	2712,00	1007,00	1276,24	-62,12	6,00	2,82	
975	1003,00	1009,00	472,00	-63,06	8,00	3,76	
976	1089,00	1010,00	512,47	-63,53	5,00	2,35	
977	1187,00	1010,00	558,59	-63,53	9,00	4,24	
978	2144,00	1010,00	1008,94	-63,53	7,00	3,29	
979	2728,00	1010,00	1283,76	-63,53	6,00	2,82	
980	2715,00	1012,00	1277,65	-64,47	7,00	3,29	
981	1177,00	1016,00	553,88	-66,35	8,00	3,76	
982	1912,00	1017,00	899,76	-66,82	7,00	3,29	
983	2753,00	1018,00	1295,53	-67,29	11,00	5,18	
984	1729,00	1020,00	813,65	-68,24	7,00	3,29	
985	1379,00	1021,00	648,94	-68,71	5,00	2,35	
986	2741,00	1026,00	1289,88	-71,06	6,00	2,82	
987	2564,00	1029,00	1206,59	-72,47	15,00	7,06	
988	2762,00	1030,00	1299,76	-72,94	6,00	2,82	
989	1336,00	1033,00	628,71	-74,35	6,00	2,82	
990	1609,00	1032,00	757,18	-73,88	9,00	4,24	
991	951,00	1033,00	447,53	-74,35	10,00	4,71	
992	2108,00	1033,00	992,00	-74,35	10,00	4,71	
993	1134,00	1035,00	533,65	-75,29	5,00	2,35	
994	1912,00	1035,00	899,76	-75,29	10,00	4,71	
995	944,00	1036,00	444,24	-75,76	9,00	4,24	
996	1348,00	1036,00	634,35	-75,76	5,00	2,35	
997	1088,00	1037,00	512,00	-76,24	8,00	3,76	
998	1761,00	1037,00	828,71	-76,24	5,00	2,35	
999	2734,00	1037,00	1286,59	-76,24	11,00	5,18	
1000	1314,00	1038,00	618,35	-76,71	11,00	5,18	
1001	1545,00	1039,00	727,06	-77,18	8,00	3,76	
1002	1290,00	1041,00	607,06	-78,12	11,00	5,18	
1003	2699,00	1040,00	1270,12	-77,65	18,00	8,47	
1004	1372,00	1044,00	645,65	-79,53	10,00	4,71	
1005	864,00	1042,00	406,59	-78,59	44,00	20,71	
1006	1172,00	1043,00	551,53	-79,06	7,00	3,29	
1007	2002,00	1043,00	942,12	-79,06	5,00	2,35	
1008	2280,00	1044,00	1072,94	-79,53	7,00	3,29	
1009	1324,00	1044,00	623,06	-79,53	8,00	3,76	
1010	1735,00	1044,00	816,47	-79,53	6,00	2,82	
1011	2218,00	1044,00	1043,76	-79,53	7,00	3,29	
1012	2165,00	1045,00	1018,82	-80,00	5,00	2,35	
1013	2639,00	1045,00	1241,88	-80,00	5,00	2,35	
1014	1627,00	1048,00	765,65	-81,41	5,00	2,35	
1015	2685,00	1048,00	1263,53	-81,41	23,00	10,82	
1016	870,00	1050,00	409,41	-82,35	45,00	21,18	
1017	1086,00	1048,00	511,06	-81,41	5,00	2,35	
1018	1916,00	1049,00	901,65	-81,88	9,00	4,24	
1019	1016,00	1051,00	478,12	-82,82	36,00	16,94	
1020	1082,00	1050,00	509,18	-82,35	5,00	2,35	
1021	1644,00	1050,00	773,65	-82,35	5,00	2,35	
1022	1729,00	1052,00	813,65	-83,29	8,00	3,76	
1023	2605,00	1051,00	1225,88	-82,82	7,00	3,29	
1024	1335,00	1052,00	628,24	-83,29	7,00	3,29	
1025	1285,00	1053,00	604,71	-83,76	8,00	3,76	
1026	1517,00	1053,00	713,88	-83,76	11,00	5,18	
1027	2214,00	1054,00	1041,88	-84,24	10,00	4,71	
1028	2250,00	1055,00	1058,82	-84,71	8,00	3,76	
1029	2780,00	1055,00	1308,24	-84,71	5,00	2,35	
1030	2588,00	1057,00	1217,88	-85,65	5,00	2,35	
1031	1280,00	1060,00	602,35	-87,06	10,00	4,71	
1032	1989,00	1060,00	936,00	-87,06	5,00	2,35	
1033	2067,00	1061,00	972,71	-87,53	5,00	2,35	
1034	1209,00	1062,00	568,94	-88,00	11,00	5,18	
1035	1345,00	1064,00	632,94	-88,94	6,00	2,82	
1036	1210,00	1066,00	569,41	-89,88	11,00	5,18	
1037	1078,00	1065,00	507,29	-89,41	5,00	2,35	
1038	1916,00	1065,00	901,65	-89,41	11,00	5,18	
1039	2059,00	1065,00	968,94	-89,41	5,00	2,35	
1040	2716,00	1066,00	1278,12	-89,88	9,00	4,24	
1041	1077,00	1068,00	506,82	-90,82	5,00	2,35	
1042	2077,00	1070,00	977,41	-91,76	5,00	2,35	
1043	1826,00	1069,00	859,29	-91,29	11,00	5,18	
1044	1138,00	1073,00	535,53	-93,18	8,00	3,76	
1045	2054,00	1071,00	966,59	-92,24	5,00	2,35	
1046	2088,00	1072,00	982,59	-92,71	5,00	2,35	
1047	2731,00	1073,00	1285,18	-93,18	11,00	5,18	
1048	1726,00	1076,00	812,24	-94,59	6,00	2,82	
1049	947,00	1076,00	445,65	-94,59	10,00	4,71	
1050	2142,00	1075,00	1008,00	-94,12	5,00	2,35	
1051	2140,00	1076,00	1007,06	-94,59	5,00	2,35	
1052	1268,00	1080,00	596,71	-96,47	19,00	8,94	
1053	1514,00	1087,00	712,47	-99,76	7,00	3,29	
1054	1347,00	1088,00	633,88	-100,24	9,00	4,24	
1055	1710,00	1083,00	804,71	-97,88	5,00	2,35	
1056	2658,00	1084,00	1250,82	-98,35	5,00	2,35	
1057	2128,00	1086,00	1001,41	-99,29	5,00	2,35	
1058	1909,00	1087,00	898,35	-99,76	10,00	4,71	
1059	1957,00	1088,00	920,94	-100,24	6,00	2,82	
1060	2615,00	1090,00	1230,59	-101,18	17,00	8,00	
1061	2581,00	1090,00	1214,59	-101,18	15,00	7,06	
1062	1674,00	1090,00	787,76	-101,18	5,00	2,35	
1063	1680,00	1090,00	790,59	-101,18	5,00	2,35	
1064	1240,00	1092,00	583,53	-102,12	9,00	4,24	
1065	1256,00	1094,00	591,06	-103,06	13,00	6,12	
1066	1989,00	1094,00	936,00	-103,06	8,00	3,76	
1067	1997,00	1097,00	939,76	-104,47	7,00	3,29	
1068	1164,00	1099,00	547,76	-105,41	17,00	8,00	
1069	1290,00	1099,00	607,06	-105,41	9,00	4,24	
1070	1839,00	1099,00	865,41	-105,41	12,00	5,65	
1071	2033,00	1102,00	956,71	-106,82	5,00	2,35	
1072	1715,00	1100,00	807,06	-105,88	5,00	2,35	
1073	2735,00	1100,00	1287,06	-105,88	5,00	2,35	
1074	1709,00	1102,00	804,24	-106,82	5,00	2,35	
1075	2726,00	1103,00	1282,82	-107,29	5,00	2,35	
1076	1205,00	1103,00	567,06	-107,29	6,00	2,82	
1077	1904,00	1103,00	896,00	-107,29	8,00	3,76	
1078	1190,00	1104,00	560,00	-107,76	6,00	2,82	
1079	1351,00	1104,00	635,76	-107,76	10,00	4,71	
1080	1579,00	1105,00	743,06	-108,24	5,00	2,35	
1081	1703,00	1104,00	801,41	-107,76	5,00	2,35	
1082	2052,00	1108,00	965,65	-109,65	5,00	2,35	
1083	1948,00	1105,00	916,71	-108,24	8,00	3,76	
1084	1519,00	1109,00	714,82	-110,12	6,00	2,82	
1085	2031,00	1109,00	955,76	-110,12	5,00	2,35	
1086	1562,00	1110,00	735,06	-110,59	5,00	2,35	
1087	1658,00	1110,00	780,24	-110,59	7,00	3,29	
1088	2139,00	1110,00	1006,59	-110,59	6,00	2,82	
1089	1521,00	1112,00	715,76	-111,53	6,00	2,82	
1090	1095,00	1113,00	515,29	-112,00	5,00	2,35	
1091	2711,00	1114,00	1275,76	-112,47	5,00	2,35	
1092	1522,00	1114,00	716,24	-112,47	6,00	2,82	
1093	1571,00	1114,00	739,29	-112,47	7,00	3,29	
1094	1039,00	1125,00	488,94	-117,65	27,00	12,71	
1095	1428,00	1116,00	672,00	-113,41	5,00	2,35	
1096	1214,00	1123,00	571,29	-116,71	7,00	3,29	
1097	1441,00	1120,00	678,12	-115,29	5,00	2,35	
1098	1881,00	1120,00	885,18	-115,29	5,00	2,35	
1099	1127,00	1122,00	530,35	-116,24	5,00	2,35	
1100	2529,00	1121,00	1190,12	-115,76	6,00	2,82	
1101	1266,00	1123,00	595,76	-116,71	8,00	3,76	
1102	1485,00	1124,00	698,82	-117,18	6,00	2,82	
1103	1647,00	1123,00	775,06	-116,71	5,00	2,35	
1104	2221,00	1123,00	1045,18	-116,71	12,00	5,65	
1105	1526,00	1124,00	718,12	-117,18	6,00	2,82	
1106	2037,00	1125,00	958,59	-117,65	5,00	2,35	
1107	1558,00	1128,00	733,18	-119,06	6,00	2,82	
1108	2241,00	1129,00	1054,59	-119,53	14,00	6,59	
1109	2020,00	1130,00	950,59	-120,00	5,00	2,35	
1110	2548,00	1130,00	1199,06	-120,00	7,00	3,29	
1111	1855,00	1132,00	872,94	-120,94	5,00	2,35	
1112	1218,00	1136,00	573,18	-122,82	7,00	3,29	
1113	2199,00	1136,00	1034,82	-122,82	6,00	2,82	
1114	2546,00	1137,00	1198,12	-123,29	8,00	3,76	
1115	1170,00	1137,00	550,59	-123,29	5,00	2,35	
1116	1215,00	1143,00	571,76	-126,12	7,00	3,29	
1117	1766,00	1139,00	831,06	-124,24	5,00	2,35	
1118	926,00	1141,00	435,76	-125,18	10,00	4,71	
1119	3907,00	1140,00	1838,59	-124,71	6,00	2,82	
1120	1128,00	1142,00	530,82	-125,65	5,00	2,35	
1121	1258,00	1143,00	592,00	-126,12	14,00	6,59	
1122	2101,00	1143,00	988,71	-126,12	5,00	2,35	
1123	1079,00	1143,00	507,76	-126,12	6,00	2,82	
1124	1822,00	1147,00	857,41	-128,00	5,00	2,35	
1125	1021,00	1149,00	480,47	-128,94	22,00	10,35	
1126	1728,00	1148,00	813,18	-128,47	5,00	2,35	
1127	1707,00	1148,00	803,29	-128,47	6,00	2,82	
1128	802,00	1152,00	377,41	-130,35	32,00	15,06	
1129	1664,00	1151,00	783,06	-129,88	5,00	2,35	
1130	1730,00	1151,00	814,12	-129,88	5,00	2,35	
1131	1942,00	1152,00	913,88	-130,35	7,00	3,29	
1132	1657,00	1153,00	779,76	-130,82	6,00	2,82	
1133	3933,00	1154,00	1850,82	-131,29	5,00	2,35	
1134	1206,00	1154,00	567,53	-131,29	7,00	3,29	
1135	1528,00	1154,00	719,06	-131,29	9,00	4,24	
1136	1651,00	1155,00	776,94	-131,76	5,00	2,35	
1137	1928,00	1155,00	907,29	-131,76	6,00	2,82	
1138	933,00	1156,00	439,06	-132,24	10,00	4,71	
1139	1923,00	1156,00	904,94	-132,24	6,00	2,82	
1140	2201,00	1156,00	1035,76	-132,24	5,00	2,35	
1141	1529,00	1158,00	719,53	-133,18	9,00	4,24	
1142	1904,00	1159,00	896,00	-133,65	6,00	2,82	
1143	2241,00	1158,00	1054,59	-133,18	8,00	3,76	
1144	1067,00	1160,00	502,12	-134,12	8,00	3,76	
1145	1834,00	1160,00	863,06	-134,12	6,00	2,82	
1146	2642,00	1161,00	1243,29	-134,59	29,00	13,65	
1147	1207,00	1162,00	568,00	-135,06	5,00	2,35	
1148	1566,00	1163,00	736,94	-135,53	5,00	2,35	
1149	2680,00	1166,00	1261,18	-136,94	6,00	2,82	
1150	2683,00	1168,00	1262,59	-137,88	6,00	2,82	
1151	866,00	1169,00	407,53	-138,35	20,00	9,41	
1152	1291,00	1172,00	607,53	-139,76	16,00	7,53	
1153	2164,00	1170,00	1018,35	-138,82	5,00	2,35	
1154	3920,00	1170,00	1844,71	-138,82	5,00	2,35	
1155	1477,00	1171,00	695,06	-139,29	5,00	2,35	
1156	881,00	1172,00	414,59	-139,76	17,00	8,00	
1157	1849,00	1177,00	870,12	-142,12	5,00	2,35	
1158	2149,00	1182,00	1011,29	-144,47	6,00	2,82	
1159	1939,00	1178,00	912,47	-142,59	6,00	2,82	
1160	1002,00	1179,00	471,53	-143,06	7,00	3,29	
1161	1880,00	1179,00	884,71	-143,06	5,00	2,35	
1162	1921,00	1179,00	904,00	-143,06	7,00	3,29	
1163	1088,00	1182,00	512,00	-144,47	5,00	2,35	
1164	1543,00	1183,00	726,12	-144,94	7,00	3,29	
1165	1961,00	1184,00	922,82	-145,41	5,00	2,35	
1166	2235,00	1184,00	1051,76	-145,41	7,00	3,29	
1167	886,00	1183,00	416,94	-144,94	12,00	5,65	
1168	2688,00	1183,00	1264,94	-144,94	11,00	5,18	
1169	1101,00	1185,00	518,12	-145,88	5,00	2,35	
1170	1970,00	1185,00	927,06	-145,88	5,00	2,35	
1171	887,00	1187,00	417,41	-146,82	12,00	5,65	
1172	955,00	1185,00	449,41	-145,88	17,00	8,00	
1173	1595,00	1187,00	750,59	-146,82	5,00	2,35	
1174	1902,00	1186,00	895,06	-146,35	5,00	2,35	
1175	1320,00	1187,00	621,18	-146,82	6,00	2,82	
1176	2111,00	1187,00	993,41	-146,82	8,00	3,76	
1177	1127,00	1189,00	530,35	-147,76	5,00	2,35	
1178	1197,00	1189,00	563,29	-147,76	8,00	3,76	
1179	1056,00	1190,00	496,94	-148,24	5,00	2,35	
1180	1502,00	1191,00	706,82	-148,71	5,00	2,35	
1181	1048,00	1193,00	493,18	-149,65	5,00	2,35	
1182	1274,00	1195,00	599,53	-150,59	7,00	3,29	
1183	2243,00	1195,00	1055,53	-150,59	5,00	2,35	
1184	1878,00	1197,00	883,76	-151,53	5,00	2,35	
1185	1100,00	1198,00	517,65	-152,00	5,00	2,35	
1186	1171,00	1202,00	551,06	-153,88	5,00	2,35	
1187	2033,00	1200,00	956,71	-152,94	6,00	2,82	
1188	2689,00	1199,00	1265,41	-152,47	12,00	5,65	
1189	2522,00	1200,00	1186,82	-152,94	17,00	8,00	
1190	786,00	1201,00	369,88	-153,41	8,00	3,76	
1191	2521,00	1202,00	1186,35	-153,88	17,00	8,00	
1192	1140,00	1203,00	536,47	-154,35	6,00	2,82	
1193	768,00	1206,00	361,41	-155,76	12,00	5,65	
1194	968,00	1206,00	455,53	-155,76	11,00	5,18	
1195	2520,00	1206,00	1185,88	-155,76	17,00	8,00	
1196	1159,00	1209,00	545,41	-157,18	6,00	2,82	
1197	1301,00	1210,00	612,24	-157,65	6,00	2,82	
1198	2109,00	1210,00	992,47	-157,65	15,00	7,06	
1199	1149,00	1210,00	540,71	-157,65	6,00	2,82	
1200	2489,00	1210,00	1171,29	-157,65	13,00	6,12	
1201	2328,00	1212,00	1095,53	-158,59	5,00	2,35	
1202	754,00	1214,00	354,82	-159,53	11,00	5,18	
1203	753,00	1216,00	354,35	-160,47	11,00	5,18	
1204	874,00	1216,00	411,29	-160,47	5,00	2,35	
1205	2340,00	1216,00	1101,18	-160,47	6,00	2,82	
1206	1256,00	1217,00	591,06	-160,94	5,00	2,35	
1207	2252,00	1217,00	1059,76	-160,94	5,00	2,35	
1208	848,00	1219,00	399,06	-161,88	6,00	2,82	
1209	2010,00	1218,00	945,88	-161,41	6,00	2,82	
1210	2499,00	1219,00	1176,00	-161,88	15,00	7,06	
1211	1516,00	1220,00	713,41	-162,35	5,00	2,35	
1212	2059,00	1220,00	968,94	-162,35	6,00	2,82	
1213	894,00	1222,00	420,71	-163,29	7,00	3,29	
1214	1257,00	1222,00	591,53	-163,29	5,00	2,35	
1215	2042,00	1225,00	960,94	-164,71	9,00	4,24	
1216	1520,00	1228,00	715,29	-166,12	5,00	2,35	
1217	1551,00	1227,00	729,88	-165,65	5,00	2,35	
1218	2279,00	1229,00	1072,47	-166,59	5,00	2,35	
1219	2589,00	1230,00	1218,35	-167,06	18,00	8,47	
1220	808,00	1233,00	380,24	-168,47	9,00	4,24	
1221	899,00	1233,00	423,06	-168,47	6,00	2,82	
1222	1205,00	1235,00	567,06	-169,41	10,00	4,71	
1223	1460,00	1235,00	687,06	-169,41	5,00	2,35	
1224	2596,00	1237,00	1221,65	-170,35	17,00	8,00	
1225	1250,00	1238,00	588,24	-170,82	8,00	3,76	
1226	848,00	1239,00	399,06	-171,29	8,00	3,76	
1227	2511,00	1241,00	1181,65	-172,24	10,00	4,71	
1228	1274,00	1242,00	599,53	-172,71	6,00	2,82	
1229	2602,00	1243,00	1224,47	-173,18	18,00	8,47	
1230	1459,00	1244,00	686,59	-173,65	5,00	2,35	
1231	1545,00	1247,00	727,06	-175,06	6,00	2,82	
1232	2038,00	1249,00	959,06	-176,00	5,00	2,35	
1233	849,00	1249,00	399,53	-176,00	8,00	3,76	
1234	2655,00	1250,00	1249,41	-176,47	14,00	6,59	
1235	2739,00	1250,00	1288,94	-176,47	9,00	4,24	
1236	2037,00	1254,00	958,59	-178,35	5,00	2,35	
1237	2471,00	1253,00	1162,82	-177,88	6,00	2,82	
1238	739,00	1253,00	347,76	-177,88	16,00	7,53	
1239	2730,00	1253,00	1284,71	-177,88	9,00	4,24	
1240	2164,00	1255,00	1018,35	-178,82	7,00	3,29	
1241	2715,00	1255,00	1277,65	-178,82	8,00	3,76	
1242	2705,00	1258,00	1272,94	-180,24	10,00	4,71	
1243	2614,00	1260,00	1230,12	-181,18	24,00	11,29	
1244	2282,00	1261,00	1073,88	-181,65	7,00	3,29	
1245	2535,00	1262,00	1192,94	-182,12	7,00	3,29	
1246	2684,00	1261,00	1263,06	-181,65	13,00	6,12	
1247	1456,00	1266,00	685,18	-184,00	10,00	4,71	
1248	803,00	1265,00	377,88	-183,53	11,00	5,18	
1249	854,00	1264,00	401,88	-183,06	8,00	3,76	
1250	2468,00	1264,00	1161,41	-183,06	8,00	3,76	
1251	1246,00	1265,00	586,35	-183,53	7,00	3,29	
1252	2103,00	1267,00	989,65	-184,47	8,00	3,76	
1253	919,00	1266,00	432,47	-184,00	5,00	2,35	
1254	938,00	1266,00	441,41	-184,00	7,00	3,29	
1255	2465,00	1267,00	1160,00	-184,47	8,00	3,76	
1256	1020,00	1272,00	480,00	-186,82	6,00	2,82	
1257	2789,00	1271,00	1312,47	-186,35	34,00	16,00	
1258	972,00	1274,00	457,41	-187,76	5,00	2,35	
1259	742,00	1277,00	349,18	-189,18	10,00	4,71	
1260	1058,00	1274,00	497,88	-187,76	24,00	11,29	
1261	2809,00	1275,00	1321,88	-188,24	37,00	17,41	
1262	1468,00	1277,00	690,82	-189,18	8,00	3,76	
1263	2108,00	1278,00	992,00	-189,65	8,00	3,76	
1264	2473,00	1279,00	1163,76	-190,12	7,00	3,29	
1265	840,00	1279,00	395,29	-190,12	5,00	2,35	
1266	2153,00	1279,00	1013,18	-190,12	6,00	2,82	
1267	2440,00	1282,00	1148,24	-191,53	10,00	4,71	
1268	2322,00	1280,00	1092,71	-190,59	26,00	12,24	
1269	814,00	1283,00	383,06	-192,00	5,00	2,35	
1270	836,00	1281,00	393,41	-191,06	5,00	2,35	
1271	1174,00	1285,00	552,47	-192,94	10,00	4,71	
1272	1313,00	1292,00	617,88	-196,24	5,00	2,35	
1273	2472,00	1288,00	1163,29	-194,35	5,00	2,35	
1274	2096,00	1292,00	986,35	-196,24	10,00	4,71	
1275	2683,00	1295,00	1262,59	-197,65	12,00	5,65	
1276	2753,00	1295,00	1295,53	-197,65	19,00	8,94	
1277	2153,00	1296,00	1013,18	-198,12	5,00	2,35	
1278	808,00	1298,00	380,24	-199,06	6,00	2,82	
1279	918,00	1299,00	432,00	-199,53	7,00	3,29	
1280	2837,00	1299,00	1335,06	-199,53	34,00	16,00	
1281	1207,00	1300,00	568,00	-200,00	9,00	4,24	
1282	2838,00	1301,00	1335,53	-200,47	34,00	16,00	
1283	756,00	1303,00	355,76	-201,41	10,00	4,71	
1284	2474,00	1304,00	1164,24	-201,88	6,00	2,82	
1285	1210,00	1309,00	569,41	-204,24	7,00	3,29	
1286	1013,00	1312,00	476,71	-205,65	6,00	2,82	
1287	1158,00	1315,00	544,94	-207,06	14,00	6,59	
1288	2101,00	1313,00	988,71	-206,12	7,00	3,29	
1289	2319,00	1313,00	1091,29	-206,12	5,00	2,35	
1290	2473,00	1315,00	1163,76	-207,06	5,00	2,35	
1291	762,00	1317,00	358,59	-208,00	8,00	3,76	
1292	2102,00	1316,00	989,18	-207,53	7,00	3,29	
1293	2567,00	1316,00	1208,00	-207,53	40,00	18,82	
1294	896,00	1322,00	421,65	-210,35	12,00	5,65	
1295	2422,00	1319,00	1139,76	-208,94	22,00	10,35	
1296	2310,00	1319,00	1087,06	-208,94	6,00	2,82	
1297	2041,00	1319,00	960,47	-208,94	32,00	15,06	
1298	764,00	1321,00	359,53	-209,88	8,00	3,76	
1299	1330,00	1324,00	625,88	-211,29	5,00	2,35	
1300	2098,00	1324,00	987,29	-211,29	5,00	2,35	
1301	1014,00	1329,00	477,18	-213,65	5,00	2,35	
1302	903,00	1334,00	424,94	-216,00	12,00	5,65	
1303	1249,00	1330,00	587,76	-214,12	23,00	10,82	
1304	2410,00	1333,00	1134,12	-215,53	18,00	8,47	
1305	2311,00	1335,00	1087,53	-216,47	5,00	2,35	
1306	2498,00	1334,00	1175,53	-216,00	10,00	4,71	
1307	856,00	1336,00	402,82	-216,94	8,00	3,76	
1308	1991,00	1338,00	936,94	-217,88	5,00	2,35	
1309	1172,00	1339,00	551,53	-218,35	5,00	2,35	
1310	943,00	1341,00	443,76	-219,29	5,00	2,35	
1311	1179,00	1341,00	554,82	-219,29	5,00	2,35	
1312	2456,00	1342,00	1155,76	-219,76	9,00	4,24	
1313	2263,00	1344,00	1064,94	-220,71	5,00	2,35	
1314	2405,00	1343,00	1131,76	-220,24	15,00	7,06	
1315	2642,00	1346,00	1243,29	-221,65	13,00	6,12	
1316	2828,00	1344,00	1330,82	-220,71	10,00	4,71	
1317	1026,00	1344,00	482,82	-220,71	5,00	2,35	
1318	2294,00	1344,00	1079,53	-220,71	5,00	2,35	
1319	800,00	1348,00	376,47	-222,59	19,00	8,94	
1320	2440,00	1346,00	1148,24	-221,65	5,00	2,35	
1321	2265,00	1347,00	1065,88	-222,12	5,00	2,35	
1322	2285,00	1352,00	1075,29	-224,47	6,00	2,82	
1323	2678,00	1352,00	1260,24	-224,47	5,00	2,35	
1324	2627,00	1352,00	1236,24	-224,47	9,00	4,24	
1325	845,00	1355,00	397,65	-225,88	10,00	4,71	
1326	1367,00	1358,00	643,29	-227,29	5,00	2,35	
1327	1495,00	1357,00	703,53	-226,82	5,00	2,35	
1328	2826,00	1358,00	1329,88	-227,29	8,00	3,76	
1329	1256,00	1360,00	591,06	-228,24	7,00	3,29	
1330	2825,00	1360,00	1329,41	-228,24	8,00	3,76	
1331	1485,00	1361,00	698,82	-228,71	6,00	2,82	
1332	1133,00	1366,00	533,18	-231,06	11,00	5,18	
1333	1315,00	1369,00	618,82	-232,47	5,00	2,35	
1334	1474,00	1369,00	693,65	-232,47	5,00	2,35	
1335	1304,00	1370,00	613,65	-232,94	5,00	2,35	
1336	1414,00	1373,00	665,41	-234,35	6,00	2,82	
1337	912,00	1374,00	429,18	-234,82	5,00	2,35	
1338	1074,00	1378,00	505,41	-236,71	5,00	2,35	
1339	994,00	1381,00	467,76	-238,12	8,00	3,76	
1340	2681,00	1384,00	1261,65	-239,53	8,00	3,76	
1341	1290,00	1385,00	607,06	-240,00	5,00	2,35	
1342	2025,00	1382,00	952,94	-238,59	8,00	3,76	
1343	2345,00	1384,00	1103,53	-239,53	6,00	2,82	
1344	2724,00	1385,00	1281,88	-240,00	6,00	2,82	
1345	814,00	1386,00	383,06	-240,47	5,00	2,35	
1346	1093,00	1387,00	514,35	-240,94	5,00	2,35	
1347	1113,00	1388,00	523,76	-241,41	5,00	2,35	
1348	1261,00	1389,00	593,41	-241,88	5,00	2,35	
1349	2407,00	1391,00	1132,71	-242,82	21,00	9,88	
1350	2557,00	1390,00	1203,29	-242,35	5,00	2,35	
1351	2586,00	1391,00	1216,94	-242,82	10,00	4,71	
1352	2572,00	1393,00	1210,35	-243,76	10,00	4,71	
1353	2821,00	1394,00	1327,53	-244,24	9,00	4,24	
1354	1089,00	1394,00	512,47	-244,24	6,00	2,82	
1355	997,00	1395,00	469,18	-244,71	8,00	3,76	
1356	1086,00	1395,00	511,06	-244,71	6,00	2,82	
1357	1354,00	1396,00	637,18	-245,18	5,00	2,35	
1358	2408,00	1397,00	1133,18	-245,65	21,00	9,88	
1359	1117,00	1397,00	525,65	-245,65	5,00	2,35	
1360	876,00	1399,00	412,24	-246,59	9,00	4,24	
1361	2652,00	1401,00	1248,00	-247,53	5,00	2,35	
1362	1374,00	1401,00	646,59	-247,53	5,00	2,35	
1363	2687,00	1402,00	1264,47	-248,00	15,00	7,06	
1364	2409,00	1406,00	1133,65	-249,88	21,00	9,88	
1365	2599,00	1408,00	1223,06	-250,82	11,00	5,18	
1366	1467,00	1408,00	690,35	-250,82	11,00	5,18	
1367	1173,00	1410,00	552,00	-251,76	5,00	2,35	
1368	2810,00	1411,00	1322,35	-252,24	7,00	3,29	
1369	2348,00	1413,00	1104,94	-253,18	7,00	3,29	
1370	2643,00	1413,00	1243,76	-253,18	6,00	2,82	
1371	1085,00	1414,00	510,59	-253,65	5,00	2,35	
1372	1197,00	1415,00	563,29	-254,12	9,00	4,24	
1373	1160,00	1419,00	545,88	-256,00	5,00	2,35	
1374	1205,00	1419,00	567,06	-256,00	8,00	3,76	
1375	1207,00	1420,00	568,00	-256,47	8,00	3,76	
1376	925,00	1424,00	435,29	-258,35	5,00	2,35	
1377	1110,00	1424,00	522,35	-258,35	7,00	3,29	
1378	2590,00	1425,00	1218,82	-258,82	10,00	4,71	
1379	2797,00	1423,00	1316,24	-257,88	8,00	3,76	
1380	2645,00	1425,00	1244,71	-258,82	5,00	2,35	
1381	957,00	1426,00	450,35	-259,29	6,00	2,82	
1382	2649,00	1426,00	1246,59	-259,29	5,00	2,35	
1383	2794,00	1426,00	1314,82	-259,29	8,00	3,76	
1384	1011,00	1430,00	475,76	-261,18	10,00	4,71	
1385	780,00	1432,00	367,06	-262,12	8,00	3,76	
1386	1216,00	1432,00	572,24	-262,12	5,00	2,35	
1387	1092,00	1434,00	513,88	-263,06	5,00	2,35	
1388	1217,00	1434,00	572,71	-263,06	5,00	2,35	
1389	1488,00	1434,00	700,24	-263,06	6,00	2,82	
1390	1337,00	1435,00	629,18	-263,53	6,00	2,82	
1391	779,00	1437,00	366,59	-264,47	8,00	3,76	
1392	2777,00	1438,00	1306,82	-264,94	10,00	4,71	
1393	2717,00	1442,00	1278,59	-266,82	7,00	3,29	
1394	1033,00	1443,00	486,12	-267,29	8,00	3,76	
1395	2415,00	1444,00	1136,47	-267,76	28,00	13,18	
1396	2767,00	1444,00	1302,12	-267,76	11,00	5,18	
1397	780,00	1446,00	367,06	-268,71	8,00	3,76	
1398	1220,00	1446,00	574,12	-268,71	5,00	2,35	
1399	2659,00	1445,00	1251,29	-268,24	7,00	3,29	
1400	3905,00	1445,00	1837,65	-268,24	6,00	2,82	
1401	817,00	1447,00	384,47	-269,18	26,00	12,24	
1402	2724,00	1446,00	1281,88	-268,71	6,00	2,82	
1403	1117,00	1447,00	525,65	-269,18	6,00	2,82	
1404	1550,00	1449,00	729,41	-270,12	6,00	2,82	
1405	2548,00	1451,00	1199,06	-271,06	7,00	3,29	
1406	1068,00	1448,00	502,59	-269,65	11,00	5,18	
1407	2414,00	1448,00	1136,00	-269,65	28,00	13,18	
1408	1070,00	1449,00	503,53	-270,12	11,00	5,18	
1409	2626,00	1454,00	1235,76	-272,47	7,00	3,29	
1410	2721,00	1457,00	1280,47	-273,88	6,00	2,82	
1411	2754,00	1460,00	1296,00	-275,29	9,00	4,24	
1412	1091,00	1461,00	513,41	-275,76	10,00	4,71	
1413	2730,00	1462,00	1284,71	-276,24	5,00	2,35	
1414	1462,00	1462,00	688,00	-276,24	5,00	2,35	
1415	3961,00	1464,00	1864,00	-277,18	5,00	2,35	
1416	862,00	1465,00	405,65	-277,65	11,00	5,18	
1417	887,00	1468,00	417,41	-279,06	6,00	2,82	
1418	1093,00	1467,00	514,35	-278,59	10,00	4,71	
1419	1135,00	1467,00	534,12	-278,59	7,00	3,29	
1420	1273,00	1467,00	599,06	-278,59	6,00	2,82	
1421	951,00	1468,00	447,53	-279,06	22,00	10,35	
1422	1334,00	1475,00	627,76	-282,35	6,00	2,82	
1423	1095,00	1473,00	515,29	-281,41	10,00	4,71	
1424	2542,00	1474,00	1196,24	-281,88	9,00	4,24	
1425	2407,00	1476,00	1132,71	-282,82	29,00	13,65	
1426	3931,00	1483,00	1849,88	-286,12	5,00	2,35	
1427	2646,00	1485,00	1245,18	-287,06	9,00	4,24	
1428	3938,00	1487,00	1853,18	-288,00	6,00	2,82	
1429	3964,00	1487,00	1865,41	-288,00	7,00	3,29	
1430	2687,00	1490,00	1264,47	-289,41	21,00	9,88	
1431	989,00	1492,00	465,41	-290,35	5,00	2,35	
1432	2718,00	1496,00	1279,06	-292,24	5,00	2,35	
1433	1091,00	1502,00	513,41	-295,06	5,00	2,35	
1434	2539,00	1508,00	1194,82	-297,88	9,00	4,24	
1435	914,00	1519,00	430,12	-303,06	6,00	2,82	
1436	2394,00	1523,00	1126,59	-304,94	39,00	18,35	
1437	2535,00	1523,00	1192,94	-304,94	7,00	3,29	
1438	937,00	1527,00	440,94	-306,82	6,00	2,82	
1439	901,00	1529,00	424,00	-307,76	10,00	4,71	
1440	920,00	1531,00	432,94	-308,71	5,00	2,35	
1441	1315,00	1534,00	618,82	-310,12	6,00	2,82	
1442	1040,00	1535,00	489,41	-310,59	5,00	2,35	
1443	1252,00	1540,00	589,18	-312,94	5,00	2,35	
1444	2492,00	1542,00	1172,71	-313,88	11,00	5,18	
1445	2796,00	1543,00	1315,76	-314,35	39,00	18,35	
1446	873,00	1545,00	410,82	-315,29	8,00	3,76	
1447	887,00	1545,00	417,41	-315,29	5,00	2,35	
1448	856,00	1547,00	402,82	-316,24	9,00	4,24	
1449	942,00	1548,00	443,29	-316,71	5,00	2,35	
1450	888,00	1552,00	417,88	-318,59	5,00	2,35	
1451	2487,00	1552,00	1170,35	-318,59	12,00	5,65	
1452	1285,00	1556,00	604,71	-320,47	6,00	2,82	
1453	1069,00	1557,00	503,06	-320,94	5,00	2,35	
1454	2626,00	1557,00	1235,76	-320,94	12,00	5,65	
1455	2746,00	1558,00	1292,24	-321,41	30,00	14,12	
1456	1018,00	1559,00	479,06	-321,88	7,00	3,29	
1457	2529,00	1562,00	1190,12	-323,29	15,00	7,06	
1458	998,00	1564,00	469,65	-324,24	9,00	4,24	
1459	974,00	1571,00	458,35	-327,53	7,00	3,29	
1460	2390,00	1571,00	1124,71	-327,53	24,00	11,29	
1461	2481,00	1575,00	1167,53	-329,41	12,00	5,65	
1462	1043,00	1578,00	490,82	-330,82	5,00	2,35	
1463	2482,00	1579,00	1168,00	-331,29	12,00	5,65	
1464	2645,00	1581,00	1244,71	-332,24	19,00	8,94	
1465	2709,00	1579,00	1274,82	-331,29	30,00	14,12	
1466	2365,00	1590,00	1112,94	-336,47	13,00	6,12	
1467	931,00	1600,00	438,12	-341,18	8,00	3,76	
1468	2736,00	1600,00	1287,53	-341,18	8,00	3,76	
1469	929,00	1601,00	437,18	-341,65	8,00	3,76	
1470	2738,00	1601,00	1288,47	-341,65	8,00	3,76	
1471	2357,00	1603,00	1109,18	-342,59	13,00	6,12	
1472	1053,00	1604,00	495,53	-343,06	7,00	3,29	
1473	2834,00	1607,00	1333,65	-344,47	10,00	4,71	
1474	941,00	1610,00	442,82	-345,88	7,00	3,29	
1475	980,00	1612,00	461,18	-346,82	7,00	3,29	
1476	985,00	1615,00	463,53	-348,24	8,00	3,76	
1477	777,00	1620,00	365,65	-350,59	5,00	2,35	
1478	992,00	1619,00	466,82	-350,12	9,00	4,24	
1479	2846,00	1620,00	1339,29	-350,59	9,00	4,24	
1480	750,00	1626,00	352,94	-353,41	6,00	2,82	
1481	802,00	1622,00	377,41	-351,53	5,00	2,35	
1482	900,00	1622,00	423,53	-351,53	5,00	2,35	
1483	1157,00	1623,00	544,47	-352,00	5,00	2,35	
1484	2671,00	1625,00	1256,94	-352,94	9,00	4,24	
1485	2657,00	1626,00	1250,35	-353,41	6,00	2,82	
1486	2675,00	1626,00	1258,82	-353,41	9,00	4,24	
1487	1054,00	1627,00	496,00	-353,88	5,00	2,35	
1488	716,00	1628,00	336,94	-354,35	14,00	6,59	
1489	1160,00	1629,00	545,88	-354,82	5,00	2,35	
1490	1036,00	1632,00	487,53	-356,24	5,00	2,35	
1491	970,00	1638,00	456,47	-359,06	7,00	3,29	
1492	2848,00	1634,00	1340,24	-357,18	10,00	4,71	
1493	2846,00	1637,00	1339,29	-358,59	10,00	4,71	
1494	1167,00	1641,00	549,18	-360,47	5,00	2,35	
1495	1012,00	1642,00	476,24	-360,94	5,00	2,35	
1496	1004,00	1643,00	472,47	-361,41	6,00	2,82	
1497	2839,00	1645,00	1336,00	-362,35	11,00	5,18	
1498	2837,00	1646,00	1335,06	-362,82	11,00	5,18	
1499	777,00	1648,00	365,65	-363,76	14,00	6,59	
1500	2329,00	1648,00	1096,00	-363,76	9,00	4,24	
1501	889,00	1650,00	418,35	-364,71	6,00	2,82	
1502	762,00	1655,00	358,59	-367,06	6,00	2,82	
1503	2786,00	1658,00	1311,06	-368,47	23,00	10,82	
1504	746,00	1666,00	351,06	-372,24	6,00	2,82	
1505	865,00	1666,00	407,06	-372,24	5,00	2,35	
1506	2862,00	1666,00	1346,82	-372,24	5,00	2,35	
1507	858,00	1668,00	403,76	-373,18	5,00	2,35	
1508	979,00	1670,00	460,71	-374,12	8,00	3,76	
1509	894,00	1670,00	420,71	-374,12	8,00	3,76	
1510	896,00	1672,00	421,65	-375,06	8,00	3,76	
1511	1022,00	1672,00	480,94	-375,06	5,00	2,35	
1512	2758,00	1672,00	1297,88	-375,06	13,00	6,12	
1513	2372,00	1676,00	1116,24	-376,94	28,00	13,18	
1514	1034,00	1678,00	486,59	-377,88	5,00	2,35	
1515	1088,00	1679,00	512,00	-378,35	8,00	3,76	
1516	2331,00	1706,00	1096,94	-391,06	5,00	2,35	
1517	2661,00	1706,00	1252,24	-391,06	8,00	3,76	
1518	2756,00	1707,00	1296,94	-391,53	7,00	3,29	
1519	1127,00	1712,00	530,35	-393,88	6,00	2,82	
1520	1195,00	1712,00	562,35	-393,88	5,00	2,35	
1521	2853,00	1717,00	1342,59	-396,24	27,00	12,71	
1522	1074,00	1718,00	505,41	-396,71	6,00	2,82	
1523	1026,00	1717,00	482,82	-396,24	6,00	2,82	
1524	1152,00	1719,00	542,12	-397,18	7,00	3,29	
1525	1165,00	1722,00	548,24	-398,59	5,00	2,35	
1526	858,00	1725,00	403,76	-400,00	23,00	10,82	
1527	1078,00	1728,00	507,29	-401,41	6,00	2,82	
1528	2415,00	1729,00	1136,47	-401,88	5,00	2,35	
1529	2385,00	1730,00	1122,35	-402,35	5,00	2,35	
1530	2504,00	1731,00	1178,35	-402,82	11,00	5,18	
1531	1018,00	1733,00	479,06	-403,76	11,00	5,18	
1532	2494,00	1734,00	1173,65	-404,24	12,00	5,65	
1533	2465,00	1734,00	1160,00	-404,24	7,00	3,29	
1534	1042,00	1735,00	490,35	-404,71	6,00	2,82	
1535	1249,00	1740,00	587,76	-407,06	7,00	3,29	
1536	2350,00	1743,00	1105,88	-408,47	8,00	3,76	
1537	2403,00	1743,00	1130,82	-408,47	9,00	4,24	
1538	1424,00	1746,00	670,12	-409,88	5,00	2,35	
1539	866,00	1746,00	407,53	-409,88	17,00	8,00	
1540	957,00	1750,00	450,35	-411,76	10,00	4,71	
1541	920,00	1750,00	432,94	-411,76	15,00	7,06	
1542	2386,00	1750,00	1122,82	-411,76	5,00	2,35	
1543	2452,00	1751,00	1153,88	-412,24	9,00	4,24	
1544	2784,00	1751,00	1310,12	-412,24	21,00	9,88	
1545	2398,00	1753,00	1128,47	-413,18	9,00	4,24	
1546	2627,00	1754,00	1236,24	-413,65	5,00	2,35	
1547	1274,00	1756,00	599,53	-414,59	5,00	2,35	
1548	1150,00	1758,00	541,18	-415,53	5,00	2,35	
1549	1387,00	1759,00	652,71	-416,00	5,00	2,35	
1550	2714,00	1759,00	1277,18	-416,00	12,00	5,65	
1551	2457,00	1763,00	1156,24	-417,88	10,00	4,71	
1552	2685,00	1761,00	1263,53	-416,94	19,00	8,94	
1553	2298,00	1762,00	1081,41	-417,41	6,00	2,82	
1554	1375,00	1763,00	647,06	-417,88	7,00	3,29	
1555	902,00	1764,00	424,47	-418,35	13,00	6,12	
1556	2528,00	1765,00	1189,65	-418,82	5,00	2,35	
1557	1410,00	1768,00	663,53	-420,24	5,00	2,35	
1558	2719,00	1766,00	1279,53	-419,29	12,00	5,65	
1559	1369,00	1766,00	644,24	-419,29	8,00	3,76	
1560	957,00	1769,00	450,35	-420,71	13,00	6,12	
1561	2663,00	1773,00	1253,18	-422,59	27,00	12,71	
1562	1358,00	1770,00	639,06	-421,18	7,00	3,29	
1563	878,00	1775,00	413,18	-423,53	23,00	10,82	
1564	2575,00	1773,00	1211,76	-422,59	8,00	3,76	
1565	2463,00	1776,00	1159,06	-424,00	11,00	5,18	
1566	2566,00	1776,00	1207,53	-424,00	6,00	2,82	
1567	2881,00	1776,00	1355,76	-424,00	7,00	3,29	
1568	1414,00	1778,00	665,41	-424,94	5,00	2,35	
1569	2834,00	1778,00	1333,65	-424,94	13,00	6,12	
1570	1209,00	1783,00	568,94	-427,29	5,00	2,35	
1571	2564,00	1780,00	1206,59	-425,88	6,00	2,82	
1572	1023,00	1781,00	481,41	-426,35	5,00	2,35	
1573	2528,00	1781,00	1189,65	-426,35	7,00	3,29	
1574	2653,00	1782,00	1248,47	-426,82	25,00	11,76	
1575	2471,00	1785,00	1162,82	-428,24	8,00	3,76	
1576	2648,00	1785,00	1246,12	-428,24	25,00	11,76	
1577	1300,00	1786,00	611,76	-428,71	8,00	3,76	
1578	2422,00	1788,00	1139,76	-429,65	12,00	5,65	
1579	2472,00	1789,00	1163,29	-430,12	8,00	3,76	
1580	2517,00	1794,00	1184,47	-432,47	8,00	3,76	
1581	2878,00	1794,00	1354,35	-432,47	12,00	5,65	
1582	2348,00	1797,00	1104,94	-433,88	9,00	4,24	
1583	1024,00	1796,00	481,88	-433,41	12,00	5,65	
1584	2378,00	1796,00	1119,06	-433,41	7,00	3,29	
1585	2478,00	1799,00	1166,12	-434,82	10,00	4,71	
1586	1017,00	1804,00	478,59	-437,18	12,00	5,65	
1587	1075,00	1799,00	505,88	-434,82	5,00	2,35	
1588	2736,00	1801,00	1287,53	-435,76	7,00	3,29	
1589	1252,00	1802,00	589,18	-436,24	13,00	6,12	
1590	2874,00	1802,00	1352,47	-436,24	10,00	4,71	
1591	2342,00	1805,00	1102,12	-437,65	9,00	4,24	
1592	2602,00	1805,00	1224,47	-437,65	8,00	3,76	
1593	956,00	1806,00	449,88	-438,12	8,00	3,76	
1594	2500,00	1806,00	1176,47	-438,12	8,00	3,76	
1595	1390,00	1807,00	654,12	-438,59	6,00	2,82	
1596	2303,00	1810,00	1083,76	-440,00	10,00	4,71	
1597	2541,00	1808,00	1195,76	-439,06	8,00	3,76	
1598	2867,00	1809,00	1349,18	-439,53	10,00	4,71	
1599	1382,00	1810,00	650,35	-440,00	5,00	2,35	
1600	2327,00	1811,00	1095,06	-440,47	8,00	3,76	
1601	2378,00	1812,00	1119,06	-440,94	8,00	3,76	
1602	2253,00	1815,00	1060,24	-442,35	6,00	2,82	
1603	2528,00	1814,00	1189,65	-441,88	7,00	3,29	
1604	2647,00	1816,00	1245,65	-442,82	15,00	7,06	
1605	2369,00	1816,00	1114,82	-442,82	8,00	3,76	
1606	2526,00	1818,00	1188,71	-443,76	7,00	3,29	
1607	1369,00	1818,00	644,24	-443,76	5,00	2,35	
1608	1403,00	1818,00	660,24	-443,76	5,00	2,35	
1609	2847,00	1820,00	1339,76	-444,71	15,00	7,06	
1610	1009,00	1820,00	474,82	-444,71	10,00	4,71	
1611	1435,00	1821,00	675,29	-445,18	5,00	2,35	
1612	2586,00	1821,00	1216,94	-445,18	7,00	3,29	
1613	1398,00	1822,00	657,88	-445,65	5,00	2,35	
1614	2418,00	1822,00	1137,88	-445,65	11,00	5,18	
1615	2645,00	1822,00	1244,71	-445,65	14,00	6,59	
1616	2703,00	1824,00	1272,00	-446,59	6,00	2,82	
1617	2718,00	1824,00	1279,06	-446,59	6,00	2,82	
1618	2731,00	1825,00	1285,18	-447,06	7,00	3,29	
1619	2575,00	1826,00	1211,76	-447,53	9,00	4,24	
1620	2293,00	1828,00	1079,06	-448,47	14,00	6,59	
1621	1361,00	1829,00	640,47	-448,94	5,00	2,35	
1622	2564,00	1830,00	1206,59	-449,41	8,00	3,76	
1623	2557,00	1832,00	1203,29	-450,35	8,00	3,76	
1624	2658,00	1833,00	1250,82	-450,82	5,00	2,35	
1625	2425,00	1837,00	1141,18	-452,71	13,00	6,12	
1626	1208,00	1840,00	568,47	-454,12	5,00	2,35	
1627	1086,00	1841,00	511,06	-454,59	5,00	2,35	
1628	1318,00	1840,00	620,24	-454,12	5,00	2,35	
1629	1301,00	1841,00	612,24	-454,59	7,00	3,29	
1630	2736,00	1848,00	1287,53	-457,88	6,00	2,82	
1631	1015,00	1842,00	477,65	-455,06	8,00	3,76	
1632	1121,00	1846,00	527,53	-456,94	5,00	2,35	
1633	1385,00	1846,00	651,76	-456,94	5,00	2,35	
1634	2471,00	1846,00	1162,82	-456,94	7,00	3,29	
1635	1422,00	1852,00	669,18	-459,76	5,00	2,35	
1636	1288,00	1849,00	606,12	-458,35	5,00	2,35	
1637	1362,00	1850,00	640,94	-458,82	5,00	2,35	
1638	1384,00	1850,00	651,29	-458,82	5,00	2,35	
1639	2280,00	1851,00	1072,94	-459,29	12,00	5,65	
1640	948,00	1853,00	446,12	-460,24	35,00	16,47	
1641	2787,00	1856,00	1311,53	-461,65	7,00	3,29	
1642	2421,00	1857,00	1139,29	-462,12	13,00	6,12	
1643	1209,00	1858,00	568,94	-462,59	6,00	2,82	
1644	2453,00	1858,00	1154,35	-462,59	10,00	4,71	
1645	2534,00	1858,00	1192,47	-462,59	10,00	4,71	
1646	2422,00	1860,00	1139,76	-463,53	13,00	6,12	
1647	2445,00	1861,00	1150,59	-464,00	10,00	4,71	
1648	1290,00	1863,00	607,06	-464,94	5,00	2,35	
1649	1161,00	1863,00	546,35	-464,94	5,00	2,35	
1650	1205,00	1864,00	567,06	-465,41	6,00	2,82	
1651	1027,00	1866,00	483,29	-466,35	10,00	4,71	
1652	2525,00	1865,00	1188,24	-465,88	11,00	5,18	
1653	2741,00	1867,00	1289,88	-466,82	5,00	2,35	
1654	896,00	1870,00	421,65	-468,24	9,00	4,24	
1655	1167,00	1875,00	549,18	-470,59	5,00	2,35	
1656	2669,00	1874,00	1256,00	-470,12	18,00	8,47	
1657	2525,00	1877,00	1188,24	-471,53	11,00	5,18	
1658	2263,00	1878,00	1064,94	-472,00	8,00	3,76	
1659	2492,00	1879,00	1172,71	-472,47	15,00	7,06	
1660	2690,00	1879,00	1265,88	-472,47	22,00	10,35	
1661	2780,00	1881,00	1308,24	-473,41	9,00	4,24	
1662	1294,00	1883,00	608,94	-474,35	8,00	3,76	
1663	1037,00	1885,00	488,00	-475,29	13,00	6,12	
1664	2261,00	1883,00	1064,00	-474,35	8,00	3,76	
1665	2742,00	1884,00	1290,35	-474,82	5,00	2,35	
1666	2260,00	1885,00	1063,53	-475,29	8,00	3,76	
1667	2762,00	1887,00	1299,76	-476,24	7,00	3,29	
1668	982,00	1889,00	462,12	-477,18	14,00	6,59	
1669	907,00	1890,00	426,82	-477,65	7,00	3,29	
1670	1178,00	1895,00	554,35	-480,00	5,00	2,35	
1671	1047,00	1896,00	492,71	-480,47	12,00	5,65	
1672	2733,00	1897,00	1286,12	-480,94	5,00	2,35	
1673	1211,00	1899,00	569,88	-481,88	5,00	2,35	
1674	1408,00	1899,00	662,59	-481,88	5,00	2,35	
1675	1183,00	1903,00	556,71	-483,76	6,00	2,82	
1676	997,00	1918,00	469,18	-490,82	7,00	3,29	
1677	1406,00	1920,00	661,65	-491,76	7,00	3,29	
1678	1055,00	1921,00	496,47	-492,24	18,00	8,47	
1679	928,00	1922,00	436,71	-492,71	9,00	4,24	
1680	908,00	1930,00	427,29	-496,47	7,00	3,29	
1681	2238,00	1934,00	1053,18	-498,35	24,00	11,29	
1682	1407,00	1933,00	662,12	-497,88	6,00	2,82	
1683	942,00	1938,00	443,29	-500,24	13,00	6,12	
1684	1082,00	1937,00	509,18	-499,76	17,00	8,00	
1685	2135,00	1939,00	1004,71	-500,71	5,00	2,35	
1686	1134,00	1942,00	533,65	-502,12	21,00	9,88	
1687	1098,00	1942,00	516,71	-502,12	15,00	7,06	
1688	916,00	1945,00	431,06	-503,53	11,00	5,18	
1689	1144,00	1951,00	538,35	-506,35	20,00	9,41	
1690	920,00	1952,00	432,94	-506,82	11,00	5,18	
1691	988,00	1958,00	464,94	-509,65	5,00	2,35	
1692	2187,00	1961,00	1029,18	-511,06	10,00	4,71	
1693	1168,00	1964,00	549,65	-512,47	17,00	8,00	
1694	1171,00	1966,00	551,06	-513,41	17,00	8,00	
1695	1124,00	1969,00	528,94	-514,82	5,00	2,35	
1696	951,00	1971,00	447,53	-515,76	24,00	11,29	
1697	1337,00	1973,00	629,18	-516,71	5,00	2,35	
1698	1381,00	1975,00	649,88	-517,65	5,00	2,35	
1699	1117,00	1975,00	525,65	-517,65	5,00	2,35	
1700	1105,00	1983,00	520,00	-521,41	9,00	4,24	
1701	1098,00	1989,00	516,71	-524,24	10,00	4,71	
1702	1095,00	1992,00	515,29	-525,65	10,00	4,71	
1703	1361,00	1993,00	640,47	-526,12	5,00	2,35	
1704	2172,00	1995,00	1022,12	-527,06	5,00	2,35	
1705	1280,00	2000,00	602,35	-529,41	7,00	3,29	
1706	970,00	2002,00	456,47	-530,35	11,00	5,18	
1707	1037,00	2002,00	488,00	-530,35	34,00	16,00	
1708	1153,00	2002,00	542,59	-530,35	13,00	6,12	
1709	1375,00	2003,00	647,06	-530,82	6,00	2,82	
1710	2186,00	2007,00	1028,71	-532,71	8,00	3,76	
1711	1214,00	2008,00	571,29	-533,18	14,00	6,59	
1712	2203,00	2010,00	1036,71	-534,12	8,00	3,76	
1713	1144,00	2011,00	538,35	-534,59	12,00	5,65	
1714	1394,00	2011,00	656,00	-534,59	10,00	4,71	
1715	1299,00	2018,00	611,29	-537,88	5,00	2,35	
1716	1217,00	2017,00	572,71	-537,41	14,00	6,59	
1717	1257,00	2019,00	591,53	-538,35	5,00	2,35	
1718	2161,00	2021,00	1016,94	-539,29	9,00	4,24	
1719	1123,00	2028,00	528,47	-542,59	9,00	4,24	
1720	2221,00	2027,00	1045,18	-542,12	16,00	7,53	
1721	1219,00	2029,00	573,65	-543,06	16,00	7,53	
1722	1211,00	2037,00	569,88	-546,82	15,00	7,06	
1723	2255,00	2036,00	1061,18	-546,35	6,00	2,82	
1724	1107,00	2037,00	520,94	-546,82	5,00	2,35	
1725	1004,00	2040,00	472,47	-548,24	9,00	4,24	
1726	2284,00	2040,00	1074,82	-548,24	7,00	3,29	
1727	2262,00	2042,00	1064,47	-549,18	8,00	3,76	
1728	1300,00	2042,00	611,76	-549,18	5,00	2,35	
1729	2276,00	2049,00	1071,06	-552,47	7,00	3,29	
1730	2177,00	2048,00	1024,47	-552,00	6,00	2,82	
1731	1211,00	2056,00	569,88	-555,76	15,00	7,06	
1732	1129,00	2058,00	531,29	-556,71	15,00	7,06	
1733	2233,00	2061,00	1050,82	-558,12	6,00	2,82	
1734	1392,00	2062,00	655,06	-558,59	9,00	4,24	
1735	2282,00	2066,00	1073,88	-560,47	7,00	3,29	
1736	1132,00	2068,00	532,71	-561,41	15,00	7,06	
1737	1134,00	2070,00	533,65	-562,35	15,00	7,06	
1738	2137,00	2070,00	1005,65	-562,35	6,00	2,82	
1739	1380,00	2072,00	649,41	-563,29	8,00	3,76	
1740	1147,00	2074,00	539,76	-564,24	14,00	6,59	
1741	1370,00	2074,00	644,71	-564,24	10,00	4,71	
1742	1367,00	2075,00	643,29	-564,71	10,00	4,71	
1743	2197,00	2077,00	1033,88	-565,65	12,00	5,65	
1744	1360,00	2077,00	640,00	-565,65	10,00	4,71	
1745	2274,00	2077,00	1070,12	-565,65	7,00	3,29	
1746	1222,00	2079,00	575,06	-566,59	18,00	8,47	
1747	2168,00	2080,00	1020,24	-567,06	5,00	2,35	
1748	1305,00	2087,00	614,12	-570,35	25,00	11,76	
1749	1159,00	2089,00	545,41	-571,29	11,00	5,18	
1750	2165,00	2091,00	1018,82	-572,24	5,00	2,35	
1751	2201,00	2091,00	1035,76	-572,24	12,00	5,65	
1752	2255,00	2097,00	1061,18	-575,06	14,00	6,59	
1753	1165,00	2099,00	548,24	-576,00	9,00	4,24	
1754	1070,00	2099,00	503,53	-576,00	30,00	14,12	
1755	2169,00	2100,00	1020,71	-576,47	6,00	2,82	
1756	2252,00	2108,00	1059,76	-580,24	12,00	5,65	
1757	2199,00	2110,00	1034,82	-581,18	12,00	5,65	
1758	1174,00	2113,00	552,47	-582,59	13,00	6,12	
1759	2106,00	2127,00	991,06	-589,18	6,00	2,82	
1760	2198,00	2136,00	1034,35	-593,41	14,00	6,59	
1761	2246,00	2139,00	1056,94	-594,82	9,00	4,24	
1762	1078,00	2140,00	507,29	-595,29	12,00	5,65	
1763	2193,00	2142,00	1032,00	-596,24	14,00	6,59	
1764	1376,00	2148,00	647,53	-599,06	19,00	8,94	
1765	2121,00	2143,00	998,12	-596,71	7,00	3,29	
1766	2126,00	2144,00	1000,47	-597,18	7,00	3,29	
1767	2091,00	2146,00	984,00	-598,12	7,00	3,29	
1768	2145,00	2147,00	1009,41	-598,59	9,00	4,24	
1769	2171,00	2148,00	1021,65	-599,06	8,00	3,76	
1770	2069,00	2151,00	973,65	-600,47	8,00	3,76	
1771	2245,00	2152,00	1056,47	-600,94	8,00	3,76	
1772	1312,00	2156,00	617,41	-602,82	5,00	2,35	
1773	1113,00	2159,00	523,76	-604,24	9,00	4,24	
1774	1137,00	2160,00	535,06	-604,71	7,00	3,29	
1775	1157,00	2160,00	544,47	-604,71	6,00	2,82	
1776	1290,00	2160,00	607,06	-604,71	5,00	2,35	
1777	1156,00	2162,00	544,00	-605,65	6,00	2,82	
1778	2135,00	2164,00	1004,71	-606,59	8,00	3,76	
1779	2166,00	2164,00	1019,29	-606,59	5,00	2,35	
1780	2155,00	2168,00	1014,12	-608,47	5,00	2,35	
1781	1288,00	2175,00	606,12	-611,76	6,00	2,82	
1782	2038,00	2179,00	959,06	-613,65	7,00	3,29	
1783	2229,00	2181,00	1048,94	-614,59	15,00	7,06	
1784	1162,00	2190,00	546,82	-618,82	8,00	3,76	
1785	1096,00	2195,00	515,76	-621,18	17,00	8,00	
1786	2226,00	2192,00	1047,53	-619,76	15,00	7,06	
1787	2109,00	2193,00	992,47	-620,24	6,00	2,82	
1788	1295,00	2204,00	609,41	-625,41	6,00	2,82	
1789	1169,00	2204,00	550,12	-625,41	5,00	2,35	
1790	1392,00	2205,00	655,06	-625,88	8,00	3,76	
1791	1429,00	2207,00	672,47	-626,82	7,00	3,29	
1792	1425,00	2210,00	670,59	-628,24	7,00	3,29	
1793	2156,00	2215,00	1014,59	-630,59	11,00	5,18	
1794	2186,00	2215,00	1028,71	-630,59	18,00	8,47	
1795	2104,00	2224,00	990,12	-634,82	5,00	2,35	
1796	2203,00	2220,00	1036,71	-632,94	17,00	8,00	
1797	2095,00	2232,00	985,88	-638,59	5,00	2,35	
1798	1125,00	2236,00	529,41	-640,47	23,00	10,82	
1799	1196,00	2243,00	562,82	-643,76	30,00	14,12	
1800	1999,00	2249,00	940,71	-646,59	7,00	3,29	
1801	1195,00	2246,00	562,35	-645,18	30,00	14,12	
1802	1192,00	2256,00	560,94	-649,88	31,00	14,59	
1803	1430,00	2255,00	672,94	-649,41	5,00	2,35	
1804	2127,00	2257,00	1000,94	-650,35	5,00	2,35	
1805	2208,00	2268,00	1039,06	-655,53	6,00	2,82	
1806	2134,00	2268,00	1004,24	-655,53	8,00	3,76	
1807	2159,00	2274,00	1016,00	-658,35	5,00	2,35	
1808	1239,00	2276,00	583,06	-659,29	5,00	2,35	
1809	2236,00	2279,00	1052,24	-660,71	5,00	2,35	
1810	2152,00	2285,00	1012,71	-663,53	5,00	2,35	
1811	2257,00	2291,00	1062,12	-666,35	8,00	3,76	
1812	1238,00	2317,00	582,59	-678,59	7,00	3,29	
1813	2107,00	2316,00	991,53	-678,12	7,00	3,29	
1814	1208,00	2319,00	568,47	-679,53	7,00	3,29	
1815	2278,00	2323,00	1072,00	-681,41	12,00	5,65	
1816	1195,00	2324,00	562,35	-681,88	11,00	5,18	
1817	1395,00	2333,00	656,47	-686,12	6,00	2,82	
1818	1420,00	2334,00	668,24	-686,59	5,00	2,35	
1819	1192,00	2339,00	560,94	-688,94	12,00	5,65	
1820	1943,00	2340,00	914,35	-689,41	5,00	2,35	
1821	2017,00	2354,00	949,18	-696,00	5,00	2,35	
1822	2195,00	2353,00	1032,94	-695,53	50,00	23,53	
1823	2274,00	2352,00	1070,12	-695,06	10,00	4,71	
1824	1195,00	2355,00	562,35	-696,47	14,00	6,59	
1825	1198,00	2365,00	563,76	-701,18	13,00	6,12	
1826	2264,00	2365,00	1065,41	-701,18	8,00	3,76	
1827	1201,00	2369,00	565,18	-703,06	13,00	6,12	
1828	2115,00	2371,00	995,29	-704,00	7,00	3,29	
1829	1207,00	2371,00	568,00	-704,00	13,00	6,12	
1830	2034,00	2374,00	957,18	-705,41	7,00	3,29	
1831	1249,00	2381,00	587,76	-708,71	7,00	3,29	
1832	1231,00	2387,00	579,29	-711,53	5,00	2,35	
1833	2135,00	2388,00	1004,71	-712,00	5,00	2,35	
1834	1279,00	2402,00	601,88	-718,59	8,00	3,76	
1835	1286,00	2405,00	605,18	-720,00	6,00	2,82	
1836	1272,00	2417,00	598,59	-725,65	11,00	5,18	
1837	1265,00	2425,00	595,29	-729,41	8,00	3,76	
1838	1264,00	2427,00	594,82	-730,35	8,00	3,76	
1839	1258,00	2447,00	592,00	-739,76	10,00	4,71	
1840	1256,00	2462,00	591,06	-746,82	11,00	5,18	
1841	1262,00	2476,00	593,88	-753,41	12,00	5,65	
1842	1271,00	2490,00	598,12	-760,00	10,00	4,71	
1843	1979,00	2493,00	931,29	-761,41	8,00	3,76	
1844	1286,00	2503,00	605,18	-766,12	11,00	5,18	
1845	1295,00	2510,00	609,41	-769,41	11,00	5,18	
1846	1312,00	2527,00	617,41	-777,41	8,00	3,76	
1847	1991,00	2527,00	936,94	-777,41	5,00	2,35	
1848	1321,00	2536,00	621,65	-781,65	6,00	2,82	
1849	1330,00	2543,00	625,88	-784,94	5,00	2,35	
1850	1547,00	2567,00	728,00	-796,24	5,00	2,35	
1851	1464,00	2574,00	688,94	-799,53	10,00	4,71	
1852	1486,00	2610,00	699,29	-816,47	7,00	3,29	
1853	1469,00	2617,00	691,29	-819,76	6,00	2,82	
1854	2038,00	2632,00	959,06	-826,82	5,00	2,35	
1855	2176,00	2631,00	1024,00	-826,35	10,00	4,71	
1856	1475,00	2634,00	694,12	-827,76	6,00	2,82	
1857	1484,00	2638,00	698,35	-829,65	5,00	2,35	
1858	1543,00	2637,00	726,12	-829,18	5,00	2,35	
1859	1484,00	2651,00	698,35	-835,76	7,00	3,29	

