Circle #	Center X	Center Y	Center X (µm)	Center Y (µm)	Radius	Radius (µm)	
1	383,00	96,00	180,24	366,59	8,00	3,76	
2	3772,00	101,00	1775,06	364,24	50,00	23,53	
3	3766,00	117,00	1772,24	356,71	47,00	22,12	
4	3765,00	119,00	1771,76	355,76	47,00	22,12	
5	377,00	122,00	177,41	354,35	5,00	2,35	
6	3759,00	138,00	1768,94	346,82	47,00	22,12	
7	1975,00	166,00	929,41	333,65	8,00	3,76	
8	1981,00	175,00	932,24	329,41	11,00	5,18	
9	2356,00	182,00	1108,71	326,12	31,00	14,59	
10	1978,00	218,00	930,82	309,18	20,00	9,41	
11	1976,00	232,00	929,88	302,59	19,00	8,94	
12	1975,00	238,00	929,41	299,76	19,00	8,94	
13	2272,00	246,00	1069,18	296,00	39,00	18,35	
14	1972,00	246,00	928,00	296,00	21,00	9,88	
15	1971,00	297,00	927,53	272,00	7,00	3,29	
16	1962,00	302,00	923,29	269,65	8,00	3,76	
17	2011,00	302,00	946,35	269,65	18,00	8,47	
18	2246,00	302,00	1056,94	269,65	10,00	4,71	
19	2236,00	305,00	1052,24	268,24	8,00	3,76	
20	2219,00	310,00	1044,24	265,88	11,00	5,18	
21	1325,00	312,00	623,53	264,94	11,00	5,18	
22	2198,00	312,00	1034,35	264,94	8,00	3,76	
23	1942,00	314,00	913,88	264,00	6,00	2,82	
24	1415,00	324,00	665,88	259,29	5,00	2,35	
25	2046,00	326,00	962,82	258,35	20,00	9,41	
26	1387,00	326,00	652,71	258,35	12,00	5,65	
27	1372,00	332,00	645,65	255,53	14,00	6,59	
28	2167,00	336,00	1019,76	253,65	5,00	2,35	
29	1306,00	342,00	614,59	250,82	5,00	2,35	
30	1972,00	350,00	928,00	247,06	5,00	2,35	
31	2102,00	354,00	989,18	245,18	11,00	5,18	
32	3588,00	354,00	1688,47	245,18	50,00	23,53	
33	2032,00	356,00	956,24	244,24	7,00	3,29	
34	1982,00	357,00	932,71	243,76	7,00	3,29	
35	1375,00	358,00	647,06	243,29	5,00	2,35	
36	1984,00	365,00	933,65	240,00	5,00	2,35	
37	2015,00	368,00	948,24	238,59	8,00	3,76	
38	1399,00	374,00	658,35	235,76	7,00	3,29	
39	1407,00	375,00	662,12	235,29	7,00	3,29	
40	3524,00	375,00	1658,35	235,29	30,00	14,12	
41	1417,00	376,00	666,82	234,82	6,00	2,82	
42	2054,00	376,00	966,59	234,82	5,00	2,35	
43	3650,00	376,00	1717,65	234,82	21,00	9,88	
44	3652,00	377,00	1718,59	234,35	21,00	9,88	
45	1390,00	379,00	654,12	233,41	6,00	2,82	
46	1778,00	383,00	836,71	231,53	5,00	2,35	
47	3506,00	383,00	1649,88	231,53	26,00	12,24	
48	1341,00	386,00	631,06	230,12	8,00	3,76	
49	2193,00	387,00	1032,00	229,65	48,00	22,59	
50	2017,00	388,00	949,18	229,18	6,00	2,82	
51	2335,00	389,00	1098,82	228,71	44,00	20,71	
52	1364,00	391,00	641,88	227,76	5,00	2,35	
53	1764,00	394,00	830,12	226,35	5,00	2,35	
54	877,00	396,00	412,71	225,41	6,00	2,82	
55	936,00	396,00	440,47	225,41	6,00	2,82	
56	884,00	398,00	416,00	224,47	6,00	2,82	
57	1739,00	404,00	818,35	221,65	13,00	6,12	
58	2044,00	401,00	961,88	223,06	7,00	3,29	
59	897,00	409,00	422,12	219,29	7,00	3,29	
60	2052,00	405,00	965,65	221,18	7,00	3,29	
61	2004,00	419,00	943,06	214,59	5,00	2,35	
62	914,00	421,00	430,12	213,65	8,00	3,76	
63	2401,00	422,00	1129,88	213,18	8,00	3,76	
64	907,00	424,00	426,82	212,24	9,00	4,24	
65	2058,00	423,00	968,47	212,71	8,00	3,76	
66	2105,00	424,00	990,59	212,24	6,00	2,82	
67	3666,00	427,00	1725,18	210,82	5,00	2,35	
68	3643,00	425,00	1714,35	211,76	5,00	2,35	
69	3704,00	425,00	1743,06	211,76	5,00	2,35	
70	2023,00	429,00	952,00	209,88	9,00	4,24	
71	3621,00	428,00	1704,00	210,35	7,00	3,29	
72	3600,00	430,00	1694,12	209,41	7,00	3,29	
73	3586,00	431,00	1687,53	208,94	7,00	3,29	
74	3561,00	432,00	1675,76	208,47	8,00	3,76	
75	2100,00	435,00	988,24	207,06	6,00	2,82	
76	3477,00	434,00	1636,24	207,53	6,00	2,82	
77	3512,00	434,00	1652,71	207,53	7,00	3,29	
78	3448,00	441,00	1622,59	204,24	7,00	3,29	
79	3497,00	436,00	1645,65	206,59	8,00	3,76	
80	3529,00	436,00	1660,71	206,59	10,00	4,71	
81	2069,00	438,00	973,65	205,65	9,00	4,24	
82	1701,00	441,00	800,47	204,24	5,00	2,35	
83	936,00	442,00	440,47	203,76	13,00	6,12	
84	968,00	443,00	455,53	203,29	16,00	7,53	
85	2144,00	445,00	1008,94	202,35	8,00	3,76	
86	2118,00	448,00	996,71	200,94	8,00	3,76	
87	2504,00	449,00	1178,35	200,47	21,00	9,88	
88	977,00	450,00	459,76	200,00	15,00	7,06	
89	2494,00	450,00	1173,65	200,00	21,00	9,88	
90	2024,00	458,00	952,47	196,24	10,00	4,71	
91	2491,00	451,00	1172,24	199,53	21,00	9,88	
92	2581,00	453,00	1214,59	198,59	7,00	3,29	
93	993,00	456,00	467,29	197,18	17,00	8,00	
94	2475,00	457,00	1164,71	196,71	23,00	10,82	
95	999,00	459,00	470,12	195,76	17,00	8,00	
96	2469,00	459,00	1161,88	195,76	24,00	11,29	
97	1971,00	461,00	927,53	194,82	7,00	3,29	
98	1006,00	462,00	473,41	194,35	18,00	8,47	
99	1019,00	466,00	479,53	192,47	18,00	8,47	
100	1964,00	468,00	924,24	191,53	7,00	3,29	
101	1959,00	470,00	921,88	190,59	8,00	3,76	
102	2378,00	473,00	1119,06	189,18	9,00	4,24	
103	2223,00	473,00	1046,12	189,18	47,00	22,12	
104	1050,00	476,00	494,12	187,76	5,00	2,35	
105	2523,00	475,00	1187,29	188,24	15,00	7,06	
106	1624,00	479,00	764,24	186,35	7,00	3,29	
107	2015,00	479,00	948,24	186,35	12,00	5,65	
108	2114,00	480,00	994,82	185,88	10,00	4,71	
109	2604,00	479,00	1225,41	186,35	21,00	9,88	
110	1723,00	480,00	810,82	185,88	23,00	10,82	
111	2073,00	483,00	975,53	184,47	9,00	4,24	
112	1989,00	486,00	936,00	183,06	15,00	7,06	
113	2306,00	485,00	1085,18	183,53	23,00	10,82	
114	1712,00	486,00	805,65	183,06	27,00	12,71	
115	2237,00	489,00	1052,71	181,65	48,00	22,59	
116	1711,00	488,00	805,18	182,12	27,00	12,71	
117	1062,00	489,00	499,76	181,65	5,00	2,35	
118	2111,00	490,00	993,41	181,18	10,00	4,71	
119	1126,00	492,00	529,88	180,24	10,00	4,71	
120	2408,00	493,00	1133,18	179,76	11,00	5,18	
121	2454,00	492,00	1154,82	180,24	5,00	2,35	
122	1141,00	493,00	536,94	179,76	9,00	4,24	
123	1020,00	495,00	480,00	178,82	12,00	5,65	
124	1144,00	494,00	538,35	179,29	9,00	4,24	
125	2353,00	494,00	1107,29	179,29	12,00	5,65	
126	1064,00	500,00	500,71	176,47	5,00	2,35	
127	2166,00	499,00	1019,29	176,94	5,00	2,35	
128	1110,00	501,00	522,35	176,00	9,00	4,24	
129	2169,00	505,00	1020,71	174,12	6,00	2,82	
130	1614,00	506,00	759,53	173,65	10,00	4,71	
131	1578,00	506,00	742,59	173,65	7,00	3,29	
132	1707,00	509,00	803,29	172,24	28,00	13,18	
133	2058,00	510,00	968,47	171,76	18,00	8,47	
134	1543,00	511,00	726,12	171,29	5,00	2,35	
135	2475,00	510,00	1164,71	171,76	5,00	2,35	
136	2408,00	512,00	1133,18	170,82	13,00	6,12	
137	1659,00	512,00	780,71	170,82	6,00	2,82	
138	1101,00	513,00	518,12	170,35	8,00	3,76	
139	2457,00	513,00	1156,24	170,35	7,00	3,29	
140	2621,00	514,00	1233,41	169,88	7,00	3,29	
141	1335,00	516,00	628,24	168,94	11,00	5,18	
142	2465,00	516,00	1160,00	168,94	6,00	2,82	
143	1358,00	517,00	639,06	168,47	9,00	4,24	
144	2502,00	519,00	1177,41	167,53	6,00	2,82	
145	2617,00	522,00	1231,53	166,12	7,00	3,29	
146	1315,00	521,00	618,82	166,59	8,00	3,76	
147	2414,00	521,00	1136,00	166,59	12,00	5,65	
148	1433,00	524,00	674,35	165,18	22,00	10,35	
149	2493,00	523,00	1173,18	165,65	5,00	2,35	
150	2125,00	523,00	1000,00	165,65	14,00	6,59	
151	1370,00	524,00	644,71	165,18	9,00	4,24	
152	1566,00	525,00	736,94	164,71	11,00	5,18	
153	1621,00	527,00	762,82	163,76	13,00	6,12	
154	1035,00	527,00	487,06	163,76	10,00	4,71	
155	2554,00	527,00	1201,88	163,76	15,00	7,06	
156	1303,00	528,00	613,18	163,29	7,00	3,29	
157	2044,00	529,00	961,88	162,82	21,00	9,88	
158	2533,00	531,00	1192,00	161,88	5,00	2,35	
159	1089,00	533,00	512,47	160,94	9,00	4,24	
160	1709,00	535,00	804,24	160,00	26,00	12,24	
161	1416,00	534,00	666,35	160,47	17,00	8,00	
162	1051,00	538,00	494,59	158,59	9,00	4,24	
163	1598,00	538,00	752,00	158,59	8,00	3,76	
164	2566,00	538,00	1207,53	158,59	17,00	8,00	
165	1413,00	539,00	664,94	158,12	17,00	8,00	
166	2529,00	541,00	1190,12	157,18	6,00	2,82	
167	2620,00	541,00	1232,94	157,18	8,00	3,76	
168	1948,00	542,00	916,71	156,71	5,00	2,35	
169	1409,00	544,00	663,06	155,76	18,00	8,47	
170	2370,00	546,00	1115,29	154,82	14,00	6,59	
171	1075,00	545,00	505,88	155,29	8,00	3,76	
172	1954,00	545,00	919,53	155,29	5,00	2,35	
173	2333,00	546,00	1097,88	154,82	6,00	2,82	
174	1967,00	548,00	925,65	153,88	10,00	4,71	
175	1392,00	549,00	655,06	153,41	16,00	7,53	
176	2486,00	549,00	1169,88	153,41	16,00	7,53	
177	1284,00	550,00	604,24	152,94	13,00	6,12	
178	1987,00	551,00	935,06	152,47	10,00	4,71	
179	1280,00	552,00	602,35	152,00	14,00	6,59	
180	2569,00	553,00	1208,94	151,53	19,00	8,94	
181	2455,00	558,00	1155,29	149,18	7,00	3,29	
182	2146,00	556,00	1009,88	150,12	5,00	2,35	
183	1270,00	559,00	597,65	148,71	13,00	6,12	
184	2420,00	560,00	1138,82	148,24	6,00	2,82	
185	2087,00	562,00	982,12	147,29	6,00	2,82	
186	1867,00	563,00	878,59	146,82	5,00	2,35	
187	2071,00	567,00	974,59	144,94	7,00	3,29	
188	1450,00	568,00	682,35	144,47	8,00	3,76	
189	2423,00	568,00	1140,24	144,47	7,00	3,29	
190	2640,00	573,00	1242,35	142,12	5,00	2,35	
191	1265,00	570,00	595,29	143,53	15,00	7,06	
192	1638,00	571,00	770,82	143,06	20,00	9,41	
193	2189,00	571,00	1030,12	143,06	14,00	6,59	
194	2129,00	573,00	1001,88	142,12	14,00	6,59	
195	2269,00	573,00	1067,76	142,12	9,00	4,24	
196	2027,00	575,00	953,88	141,18	7,00	3,29	
197	2059,00	575,00	968,94	141,18	7,00	3,29	
198	2050,00	576,00	964,71	140,71	5,00	2,35	
199	2216,00	576,00	1042,82	140,71	5,00	2,35	
200	1443,00	577,00	679,06	140,24	5,00	2,35	
201	2117,00	578,00	996,24	139,76	10,00	4,71	
202	1657,00	580,00	779,76	138,82	19,00	8,94	
203	2040,00	580,00	960,00	138,82	7,00	3,29	
204	2114,00	580,00	994,82	138,82	10,00	4,71	
205	2043,00	582,00	961,41	137,88	7,00	3,29	
206	2299,00	582,00	1081,88	137,88	9,00	4,24	
207	2521,00	583,00	1186,35	137,41	15,00	7,06	
208	1335,00	584,00	628,24	136,94	6,00	2,82	
209	2139,00	593,00	1006,59	132,71	7,00	3,29	
210	2555,00	602,00	1202,35	128,47	5,00	2,35	
211	2417,00	596,00	1137,41	131,29	23,00	10,82	
212	2498,00	598,00	1175,53	130,35	7,00	3,29	
213	1529,00	602,00	719,53	128,47	30,00	14,12	
214	2321,00	603,00	1092,24	128,00	20,00	9,41	
215	1450,00	604,00	682,35	127,53	7,00	3,29	
216	2221,00	604,00	1045,18	127,53	16,00	7,53	
217	1603,00	604,00	754,35	127,53	15,00	7,06	
218	1095,00	607,00	515,29	126,12	17,00	8,00	
219	1259,00	609,00	592,47	125,18	15,00	7,06	
220	1656,00	607,00	779,29	126,12	11,00	5,18	
221	2021,00	608,00	951,06	125,65	6,00	2,82	
222	1443,00	609,00	679,06	125,18	6,00	2,82	
223	2397,00	609,00	1128,00	125,18	25,00	11,76	
224	2389,00	612,00	1124,24	123,76	25,00	11,76	
225	1212,00	613,00	570,35	123,29	11,00	5,18	
226	1423,00	614,00	669,65	122,82	7,00	3,29	
227	1618,00	614,00	761,41	122,82	10,00	4,71	
228	2299,00	615,00	1081,88	122,35	10,00	4,71	
229	1364,00	619,00	641,88	120,47	8,00	3,76	
230	1621,00	618,00	762,82	120,94	10,00	4,71	
231	1193,00	618,00	561,41	120,94	7,00	3,29	
232	1700,00	619,00	800,00	120,47	7,00	3,29	
233	2219,00	618,00	1044,24	120,94	14,00	6,59	
234	2281,00	619,00	1073,41	120,47	5,00	2,35	
235	2633,00	619,00	1239,06	120,47	33,00	15,53	
236	1971,00	627,00	927,53	116,71	8,00	3,76	
237	2093,00	623,00	984,94	118,59	9,00	4,24	
238	1121,00	624,00	527,53	118,12	6,00	2,82	
239	1190,00	627,00	560,00	116,71	8,00	3,76	
240	1281,00	624,00	602,82	118,12	13,00	6,12	
241	1308,00	624,00	615,53	118,12	15,00	7,06	
242	2547,00	626,00	1198,59	117,18	7,00	3,29	
243	1139,00	629,00	536,00	115,76	5,00	2,35	
244	1147,00	629,00	539,76	115,76	5,00	2,35	
245	1327,00	631,00	624,47	114,82	5,00	2,35	
246	2532,00	633,00	1191,53	113,88	7,00	3,29	
247	1504,00	633,00	707,76	113,88	8,00	3,76	
248	2206,00	634,00	1038,12	113,41	8,00	3,76	
249	2264,00	636,00	1065,41	112,47	12,00	5,65	
250	1697,00	636,00	798,59	112,47	9,00	4,24	
251	2550,00	637,00	1200,00	112,00	7,00	3,29	
252	2564,00	636,00	1206,59	112,47	5,00	2,35	
253	1488,00	637,00	700,24	112,00	5,00	2,35	
254	1558,00	638,00	733,18	111,53	5,00	2,35	
255	1180,00	641,00	555,29	110,12	10,00	4,71	
256	1209,00	639,00	568,94	111,06	6,00	2,82	
257	1383,00	639,00	650,82	111,06	5,00	2,35	
258	2500,00	639,00	1176,47	111,06	8,00	3,76	
259	1419,00	642,00	667,76	109,65	14,00	6,59	
260	2291,00	645,00	1078,12	108,24	5,00	2,35	
261	2194,00	646,00	1032,47	107,76	16,00	7,53	
262	2447,00	646,00	1151,53	107,76	15,00	7,06	
263	1956,00	648,00	920,47	106,82	7,00	3,29	
264	2729,00	648,00	1284,24	106,82	11,00	5,18	
265	1150,00	649,00	541,18	106,35	11,00	5,18	
266	1379,00	650,00	648,94	105,88	7,00	3,29	
267	1426,00	649,00	671,06	106,35	13,00	6,12	
268	2359,00	650,00	1110,12	105,88	11,00	5,18	
269	1428,00	650,00	672,00	105,88	13,00	6,12	
270	1888,00	650,00	888,47	105,88	6,00	2,82	
271	2718,00	650,00	1279,06	105,88	10,00	4,71	
272	1435,00	651,00	675,29	105,41	13,00	6,12	
273	2224,00	652,00	1046,59	104,94	10,00	4,71	
274	2715,00	652,00	1277,65	104,94	10,00	4,71	
275	1136,00	653,00	534,59	104,47	7,00	3,29	
276	1948,00	656,00	916,71	103,06	5,00	2,35	
277	1635,00	657,00	769,41	102,59	9,00	4,24	
278	2135,00	659,00	1004,71	101,65	5,00	2,35	
279	2268,00	658,00	1067,29	102,12	5,00	2,35	
280	2080,00	660,00	978,82	101,18	7,00	3,29	
281	2365,00	661,00	1112,94	100,71	11,00	5,18	
282	2703,00	660,00	1272,00	101,18	14,00	6,59	
283	1903,00	661,00	895,53	100,71	8,00	3,76	
284	2280,00	661,00	1072,94	100,71	7,00	3,29	
285	1939,00	665,00	912,47	98,82	7,00	3,29	
286	2090,00	663,00	983,53	99,76	6,00	2,82	
287	1247,00	665,00	586,82	98,82	10,00	4,71	
288	1905,00	665,00	896,47	98,82	8,00	3,76	
289	2075,00	665,00	976,47	98,82	7,00	3,29	
290	1250,00	667,00	588,24	97,88	10,00	4,71	
291	1906,00	667,00	896,94	97,88	8,00	3,76	
292	2734,00	669,00	1286,59	96,94	11,00	5,18	
293	2364,00	674,00	1112,47	94,59	12,00	5,65	
294	1633,00	675,00	768,47	94,12	9,00	4,24	
295	2074,00	676,00	976,00	93,65	7,00	3,29	
296	2402,00	674,00	1130,35	94,59	5,00	2,35	
297	1901,00	678,00	894,59	92,71	7,00	3,29	
298	2582,00	677,00	1215,06	93,18	12,00	5,65	
299	1265,00	677,00	595,29	93,18	9,00	4,24	
300	2502,00	677,00	1177,41	93,18	6,00	2,82	
301	2530,00	677,00	1190,59	93,18	10,00	4,71	
302	2308,00	679,00	1086,12	92,24	7,00	3,29	
303	2750,00	679,00	1294,12	92,24	6,00	2,82	
304	1632,00	680,00	768,00	91,76	9,00	4,24	
305	2072,00	683,00	975,06	90,35	7,00	3,29	
306	2405,00	681,00	1131,76	91,29	6,00	2,82	
307	1315,00	682,00	618,82	90,82	5,00	2,35	
308	2361,00	682,00	1111,06	90,82	12,00	5,65	
309	2250,00	685,00	1058,82	89,41	5,00	2,35	
310	2845,00	686,00	1338,82	88,94	7,00	3,29	
311	1136,00	687,00	534,59	88,47	5,00	2,35	
312	1464,00	689,00	688,94	87,53	5,00	2,35	
313	2202,00	687,00	1036,24	88,47	6,00	2,82	
314	2198,00	688,00	1034,35	88,00	6,00	2,82	
315	2828,00	691,00	1330,82	86,59	5,00	2,35	
316	1305,00	690,00	614,12	87,06	5,00	2,35	
317	1330,00	692,00	625,88	86,12	5,00	2,35	
318	1436,00	690,00	675,76	87,06	6,00	2,82	
319	2059,00	690,00	968,94	87,06	7,00	3,29	
320	2046,00	692,00	962,82	86,12	7,00	3,29	
321	2282,00	692,00	1073,88	86,12	9,00	4,24	
322	2310,00	696,00	1087,06	84,24	6,00	2,82	
323	1665,00	695,00	783,53	84,71	9,00	4,24	
324	1712,00	693,00	805,65	85,65	10,00	4,71	
325	2584,00	693,00	1216,00	85,65	10,00	4,71	
326	1748,00	695,00	822,59	84,71	5,00	2,35	
327	2853,00	698,00	1342,59	83,29	8,00	3,76	
328	2440,00	703,00	1148,24	80,94	6,00	2,82	
329	2746,00	702,00	1292,24	81,41	5,00	2,35	
330	2402,00	702,00	1130,35	81,41	7,00	3,29	
331	1725,00	703,00	811,76	80,94	6,00	2,82	
332	2766,00	703,00	1301,65	80,94	7,00	3,29	
333	1406,00	704,00	661,65	80,47	13,00	6,12	
334	2603,00	705,00	1224,94	80,00	14,00	6,59	
335	2645,00	705,00	1244,71	80,00	10,00	4,71	
336	2875,00	705,00	1352,94	80,00	12,00	5,65	
337	1471,00	706,00	692,24	79,53	6,00	2,82	
338	2391,00	707,00	1125,18	79,06	8,00	3,76	
339	2651,00	707,00	1247,53	79,06	10,00	4,71	
340	2350,00	710,00	1105,88	77,65	10,00	4,71	
341	1382,00	715,00	650,35	75,29	8,00	3,76	
342	1432,00	712,00	673,88	76,71	6,00	2,82	
343	2828,00	712,00	1330,82	76,71	6,00	2,82	
344	2529,00	714,00	1190,12	75,76	18,00	8,47	
345	2674,00	714,00	1258,35	75,76	17,00	8,00	
346	2880,00	714,00	1355,29	75,76	13,00	6,12	
347	2381,00	715,00	1120,47	75,29	7,00	3,29	
348	2790,00	718,00	1312,94	73,88	15,00	7,06	
349	2889,00	720,00	1359,53	72,94	11,00	5,18	
350	2717,00	721,00	1278,59	72,47	10,00	4,71	
351	2344,00	723,00	1103,06	71,53	8,00	3,76	
352	2776,00	729,00	1306,35	68,71	17,00	8,00	
353	1698,00	730,00	799,06	68,24	9,00	4,24	
354	2330,00	729,00	1096,47	68,71	10,00	4,71	
355	2892,00	735,00	1360,94	65,88	11,00	5,18	
356	2322,00	734,00	1092,71	66,35	8,00	3,76	
357	2078,00	739,00	977,88	64,00	5,00	2,35	
358	2316,00	740,00	1089,88	63,53	9,00	4,24	
359	2368,00	740,00	1114,35	63,53	6,00	2,82	
360	1395,00	741,00	656,47	63,06	7,00	3,29	
361	2736,00	742,00	1287,53	62,59	5,00	2,35	
362	1750,00	744,00	823,53	61,65	8,00	3,76	
363	2356,00	748,00	1108,71	59,76	6,00	2,82	
364	2362,00	749,00	1111,53	59,29	6,00	2,82	
365	2672,00	748,00	1257,41	59,76	18,00	8,47	
366	2066,00	749,00	972,24	59,29	5,00	2,35	
367	2476,00	749,00	1165,18	59,29	7,00	3,29	
368	2893,00	751,00	1361,41	58,35	12,00	5,65	
369	2347,00	751,00	1104,47	58,35	5,00	2,35	
370	2722,00	751,00	1280,94	58,35	9,00	4,24	
371	1696,00	753,00	798,12	57,41	5,00	2,35	
372	1747,00	756,00	822,12	56,00	7,00	3,29	
373	2529,00	755,00	1190,12	56,47	6,00	2,82	
374	1662,00	756,00	782,12	56,00	6,00	2,82	
375	1672,00	756,00	786,82	56,00	7,00	3,29	
376	2595,00	762,00	1221,18	53,18	7,00	3,29	
377	1645,00	765,00	774,12	51,76	8,00	3,76	
378	2588,00	764,00	1217,88	52,24	8,00	3,76	
379	2674,00	766,00	1258,35	51,29	18,00	8,47	
380	1386,00	767,00	652,24	50,82	7,00	3,29	
381	1725,00	768,00	811,76	50,35	8,00	3,76	
382	2241,00	768,00	1054,59	50,35	7,00	3,29	
383	2196,00	768,00	1033,41	50,35	5,00	2,35	
384	2559,00	769,00	1204,24	49,88	5,00	2,35	
385	2582,00	768,00	1215,06	50,35	9,00	4,24	
386	1384,00	774,00	651,29	47,53	7,00	3,29	
387	2130,00	779,00	1002,35	45,18	5,00	2,35	
388	2526,00	781,00	1188,71	44,24	5,00	2,35	
389	2741,00	781,00	1289,88	44,24	6,00	2,82	
390	2736,00	782,00	1287,53	43,76	6,00	2,82	
391	2762,00	782,00	1299,76	43,76	9,00	4,24	
392	1766,00	787,00	831,06	41,41	5,00	2,35	
393	2630,00	783,00	1237,65	43,29	17,00	8,00	
394	2633,00	784,00	1239,06	42,82	17,00	8,00	
395	1719,00	785,00	808,94	42,35	11,00	5,18	
396	2525,00	785,00	1188,24	42,35	5,00	2,35	
397	1716,00	787,00	807,53	41,41	11,00	5,18	
398	2523,00	789,00	1187,29	40,47	5,00	2,35	
399	2557,00	788,00	1203,29	40,94	8,00	3,76	
400	1895,00	790,00	891,76	40,00	8,00	3,76	
401	2093,00	791,00	984,94	39,53	6,00	2,82	
402	2561,00	790,00	1205,18	40,00	8,00	3,76	
403	2487,00	791,00	1170,35	39,53	6,00	2,82	
404	2505,00	792,00	1178,82	39,06	8,00	3,76	
405	1817,00	794,00	855,06	38,12	5,00	2,35	
406	2503,00	798,00	1177,88	36,24	8,00	3,76	
407	1699,00	797,00	799,53	36,71	7,00	3,29	
408	2497,00	800,00	1175,06	35,29	8,00	3,76	
409	1742,00	801,00	819,76	34,82	5,00	2,35	
410	2660,00	803,00	1251,76	33,88	6,00	2,82	
411	2827,00	807,00	1330,35	32,00	38,00	17,88	
412	1365,00	807,00	642,35	32,00	5,00	2,35	
413	2507,00	805,00	1179,76	32,94	6,00	2,82	
414	2697,00	806,00	1269,18	32,47	5,00	2,35	
415	1741,00	807,00	819,29	32,00	5,00	2,35	
416	2654,00	812,00	1248,94	29,65	6,00	2,82	
417	2724,00	812,00	1281,88	29,65	6,00	2,82	
418	2506,00	812,00	1179,29	29,65	6,00	2,82	
419	2574,00	814,00	1211,29	28,71	6,00	2,82	
420	1743,00	814,00	820,24	28,71	5,00	2,35	
421	1849,00	813,00	870,12	29,18	8,00	3,76	
422	1763,00	815,00	829,65	28,24	9,00	4,24	
423	1811,00	820,00	852,24	25,88	11,00	5,18	
424	2322,00	822,00	1092,71	24,94	5,00	2,35	
425	1812,00	828,00	852,71	22,12	11,00	5,18	
426	2111,00	826,00	993,41	23,06	6,00	2,82	
427	2700,00	826,00	1270,59	23,06	5,00	2,35	
428	1972,00	827,00	928,00	22,59	5,00	2,35	
429	2685,00	831,00	1263,53	20,71	5,00	2,35	
430	1969,00	833,00	926,59	19,76	5,00	2,35	
431	2725,00	833,00	1282,35	19,76	8,00	3,76	
432	1894,00	834,00	891,29	19,29	5,00	2,35	
433	1971,00	836,00	927,53	18,35	5,00	2,35	
434	2294,00	840,00	1079,53	16,47	7,00	3,29	
435	2515,00	837,00	1183,53	17,88	9,00	4,24	
436	1723,00	838,00	810,82	17,41	11,00	5,18	
437	2581,00	839,00	1214,59	16,94	13,00	6,12	
438	2729,00	841,00	1284,24	16,00	10,00	4,71	
439	1816,00	841,00	854,59	16,00	12,00	5,65	
440	1823,00	846,00	857,88	13,65	10,00	4,71	
441	2148,00	848,00	1010,82	12,71	5,00	2,35	
442	1835,00	853,00	863,53	10,35	14,00	6,59	
443	1775,00	852,00	835,29	10,82	13,00	6,12	
444	2867,00	857,00	1349,18	8,47	8,00	3,76	
445	2682,00	858,00	1262,12	8,00	5,00	2,35	
446	2179,00	860,00	1025,41	7,06	5,00	2,35	
447	2730,00	860,00	1284,71	7,06	8,00	3,76	
448	2563,00	860,00	1206,12	7,06	19,00	8,94	
449	2120,00	861,00	997,65	6,59	5,00	2,35	
450	1866,00	867,00	878,12	3,76	10,00	4,71	
451	2290,00	865,00	1077,65	4,71	8,00	3,76	
452	2120,00	868,00	997,65	3,29	5,00	2,35	
453	2162,00	867,00	1017,41	3,76	5,00	2,35	
454	1798,00	871,00	846,12	1,88	10,00	4,71	
455	2503,00	870,00	1177,88	2,35	9,00	4,24	
456	1965,00	872,00	924,71	1,41	5,00	2,35	
457	1864,00	872,00	877,18	1,41	10,00	4,71	
458	1743,00	874,00	820,24	0,47	10,00	4,71	
459	2280,00	877,00	1072,94	-0,94	8,00	3,76	
460	2390,00	880,00	1124,71	-2,35	5,00	2,35	
461	2070,00	880,00	974,12	-2,35	5,00	2,35	
462	2749,00	881,00	1293,65	-2,82	12,00	5,65	
463	2805,00	881,00	1320,00	-2,82	18,00	8,47	
464	2810,00	882,00	1322,35	-3,29	18,00	8,47	
465	2030,00	888,00	955,29	-6,12	7,00	3,29	
466	1867,00	888,00	878,59	-6,12	11,00	5,18	
467	2505,00	888,00	1178,82	-6,12	6,00	2,82	
468	1935,00	890,00	910,59	-7,06	7,00	3,29	
469	2228,00	890,00	1048,47	-7,06	7,00	3,29	
470	2847,00	893,00	1339,76	-8,47	5,00	2,35	
471	2769,00	894,00	1303,06	-8,94	11,00	5,18	
472	2552,00	896,00	1200,94	-9,88	10,00	4,71	
473	1802,00	896,00	848,00	-9,88	18,00	8,47	
474	2275,00	897,00	1070,59	-10,35	11,00	5,18	
475	2466,00	897,00	1160,47	-10,35	9,00	4,24	
476	2503,00	899,00	1177,88	-11,29	6,00	2,82	
477	2033,00	905,00	956,71	-14,12	7,00	3,29	
478	2568,00	902,00	1208,47	-12,71	9,00	4,24	
479	2322,00	906,00	1092,71	-14,59	5,00	2,35	
480	2133,00	908,00	1003,76	-15,53	5,00	2,35	
481	2571,00	908,00	1209,88	-15,53	8,00	3,76	
482	2675,00	909,00	1258,82	-16,00	8,00	3,76	
483	2710,00	909,00	1275,29	-16,00	12,00	5,65	
484	2572,00	910,00	1210,35	-16,47	8,00	3,76	
485	2705,00	911,00	1272,94	-16,94	12,00	5,65	
486	2365,00	912,00	1112,94	-17,41	7,00	3,29	
487	1776,00	913,00	835,76	-17,88	10,00	4,71	
488	2632,00	914,00	1238,59	-18,35	9,00	4,24	
489	2723,00	915,00	1281,41	-18,82	8,00	3,76	
490	2008,00	916,00	944,94	-19,29	5,00	2,35	
491	2277,00	918,00	1071,53	-20,24	6,00	2,82	
492	1904,00	919,00	896,00	-20,71	34,00	16,00	
493	2585,00	920,00	1216,47	-21,18	14,00	6,59	
494	2279,00	922,00	1072,47	-22,12	6,00	2,82	
495	327,00	923,00	153,88	-22,59	9,00	4,24	
496	2445,00	925,00	1150,59	-23,53	6,00	2,82	
497	2860,00	925,00	1345,88	-23,53	19,00	8,94	
498	2614,00	926,00	1230,12	-24,00	7,00	3,29	
499	2351,00	931,00	1106,35	-26,35	5,00	2,35	
500	2328,00	933,00	1095,53	-27,29	17,00	8,00	
501	2114,00	932,00	994,82	-26,82	5,00	2,35	
502	2770,00	933,00	1303,53	-27,29	15,00	7,06	
503	2358,00	934,00	1109,65	-27,76	5,00	2,35	
504	2238,00	934,00	1053,18	-27,76	10,00	4,71	
505	2586,00	934,00	1216,94	-27,76	14,00	6,59	
506	1792,00	942,00	843,29	-31,53	6,00	2,82	
507	2516,00	936,00	1184,00	-28,71	13,00	6,12	
508	2205,00	937,00	1037,65	-29,18	8,00	3,76	
509	2207,00	941,00	1038,59	-31,06	8,00	3,76	
510	2517,00	940,00	1184,47	-30,59	13,00	6,12	
511	2647,00	940,00	1245,65	-30,59	13,00	6,12	
512	2367,00	941,00	1113,88	-31,06	6,00	2,82	
513	319,00	943,00	150,12	-32,00	9,00	4,24	
514	2331,00	945,00	1096,94	-32,94	17,00	8,00	
515	2752,00	943,00	1295,06	-32,00	8,00	3,76	
516	2005,00	944,00	943,53	-32,47	8,00	3,76	
517	2271,00	944,00	1068,71	-32,47	13,00	6,12	
518	335,00	951,00	157,65	-35,76	5,00	2,35	
519	2884,00	952,00	1357,18	-36,24	10,00	4,71	
520	2247,00	952,00	1057,41	-36,24	16,00	7,53	
521	2660,00	956,00	1251,76	-38,12	6,00	2,82	
522	2412,00	957,00	1135,06	-38,59	5,00	2,35	
523	1960,00	958,00	922,35	-39,06	8,00	3,76	
524	1997,00	959,00	939,76	-39,53	10,00	4,71	
525	1969,00	960,00	926,59	-40,00	9,00	4,24	
526	2548,00	960,00	1199,06	-40,00	9,00	4,24	
527	1987,00	962,00	935,06	-40,94	9,00	4,24	
528	1761,00	963,00	828,71	-41,41	20,00	9,41	
529	2778,00	968,00	1307,29	-43,76	10,00	4,71	
530	2885,00	973,00	1357,65	-46,12	8,00	3,76	
531	2525,00	969,00	1188,24	-44,24	17,00	8,00	
532	2659,00	969,00	1251,29	-44,24	5,00	2,35	
533	2302,00	971,00	1083,29	-45,18	6,00	2,82	
534	2657,00	974,00	1250,35	-46,59	5,00	2,35	
535	2076,00	974,00	976,94	-46,59	26,00	12,24	
536	2294,00	975,00	1079,53	-47,06	6,00	2,82	
537	2075,00	976,00	976,47	-47,53	26,00	12,24	
538	2425,00	980,00	1141,18	-49,41	6,00	2,82	
539	2602,00	981,00	1224,47	-49,88	22,00	10,35	
540	326,00	981,00	153,41	-49,88	7,00	3,29	
541	2281,00	984,00	1073,41	-51,29	5,00	2,35	
542	2428,00	985,00	1142,59	-51,76	6,00	2,82	
543	1693,00	988,00	796,71	-53,18	5,00	2,35	
544	1966,00	987,00	925,18	-52,71	10,00	4,71	
545	2246,00	987,00	1056,94	-52,71	8,00	3,76	
546	2886,00	988,00	1358,12	-53,18	8,00	3,76	
547	2274,00	990,00	1070,12	-54,12	5,00	2,35	
548	1691,00	992,00	795,76	-55,06	5,00	2,35	
549	2631,00	993,00	1238,12	-55,53	7,00	3,29	
550	317,00	995,00	149,18	-56,47	5,00	2,35	
551	2351,00	997,00	1106,35	-57,41	28,00	13,18	
552	2237,00	998,00	1052,71	-57,88	10,00	4,71	
553	2641,00	1001,00	1242,82	-59,29	7,00	3,29	
554	2832,00	1001,00	1332,71	-59,29	13,00	6,12	
555	261,00	1002,00	122,82	-59,76	6,00	2,82	
556	2671,00	1002,00	1256,94	-59,76	8,00	3,76	
557	250,00	1007,00	117,65	-62,12	7,00	3,29	
558	2195,00	1007,00	1032,94	-62,12	6,00	2,82	
559	2383,00	1007,00	1121,41	-62,12	20,00	9,41	
560	2882,00	1009,00	1356,24	-63,06	12,00	5,65	
561	282,00	1008,00	132,71	-62,59	6,00	2,82	
562	2592,00	1017,00	1219,76	-66,82	33,00	15,53	
563	2417,00	1024,00	1137,41	-70,12	32,00	15,06	
564	1700,00	1027,00	800,00	-71,53	13,00	6,12	
565	1591,00	1029,00	748,71	-72,47	6,00	2,82	
566	2292,00	1029,00	1078,59	-72,47	10,00	4,71	
567	1699,00	1029,00	799,53	-72,47	13,00	6,12	
568	1943,00	1031,00	914,35	-73,41	5,00	2,35	
569	2744,00	1029,00	1291,29	-72,47	10,00	4,71	
570	2750,00	1030,00	1294,12	-72,94	10,00	4,71	
571	2652,00	1031,00	1248,00	-73,41	5,00	2,35	
572	2717,00	1031,00	1278,59	-73,41	10,00	4,71	
573	2728,00	1034,00	1283,76	-74,82	11,00	5,18	
574	2868,00	1035,00	1349,65	-75,29	18,00	8,47	
575	224,00	1036,00	105,41	-75,76	8,00	3,76	
576	2772,00	1038,00	1304,47	-76,71	11,00	5,18	
577	2371,00	1041,00	1115,76	-78,12	5,00	2,35	
578	2268,00	1043,00	1067,29	-79,06	10,00	4,71	
579	2707,00	1044,00	1273,88	-79,53	8,00	3,76	
580	262,00	1044,00	123,29	-79,53	8,00	3,76	
581	1664,00	1044,00	783,06	-79,53	8,00	3,76	
582	2253,00	1047,00	1060,24	-80,94	8,00	3,76	
583	1605,00	1048,00	755,29	-81,41	10,00	4,71	
584	1678,00	1048,00	789,65	-81,41	8,00	3,76	
585	2375,00	1048,00	1117,65	-81,41	6,00	2,82	
586	2729,00	1048,00	1284,24	-81,41	7,00	3,29	
587	255,00	1051,00	120,00	-82,82	5,00	2,35	
588	301,00	1052,00	141,65	-83,29	5,00	2,35	
589	1942,00	1053,00	913,88	-83,76	10,00	4,71	
590	213,00	1054,00	100,24	-84,24	7,00	3,29	
591	1644,00	1059,00	773,65	-86,59	10,00	4,71	
592	1568,00	1060,00	737,88	-87,06	5,00	2,35	
593	246,00	1061,00	115,76	-87,53	10,00	4,71	
594	1653,00	1063,00	777,88	-88,47	10,00	4,71	
595	2326,00	1065,00	1094,59	-89,41	6,00	2,82	
596	292,00	1067,00	137,41	-90,35	10,00	4,71	
597	2387,00	1071,00	1123,29	-92,24	8,00	3,76	
598	2283,00	1068,00	1074,35	-90,82	10,00	4,71	
599	1635,00	1069,00	769,41	-91,29	9,00	4,24	
600	2819,00	1070,00	1326,59	-91,76	5,00	2,35	
601	2800,00	1073,00	1317,65	-93,18	7,00	3,29	
602	2780,00	1075,00	1308,24	-94,12	10,00	4,71	
603	231,00	1075,00	108,71	-94,12	16,00	7,53	
604	1819,00	1075,00	856,00	-94,12	15,00	7,06	
605	2831,00	1075,00	1332,24	-94,12	8,00	3,76	
606	116,00	1076,00	54,59	-94,59	10,00	4,71	
607	1861,00	1076,00	875,76	-94,59	14,00	6,59	
608	1809,00	1078,00	851,29	-95,53	13,00	6,12	
609	2549,00	1079,00	1199,53	-96,00	32,00	15,06	
610	2875,00	1079,00	1352,94	-96,00	21,00	9,88	
611	208,00	1082,00	97,88	-97,41	7,00	3,29	
612	1733,00	1082,00	815,53	-97,41	18,00	8,47	
613	2270,00	1082,00	1068,24	-97,41	12,00	5,65	
614	1892,00	1083,00	890,35	-97,88	13,00	6,12	
615	2269,00	1084,00	1067,76	-98,35	12,00	5,65	
616	2724,00	1084,00	1281,88	-98,35	6,00	2,82	
617	1716,00	1085,00	807,53	-98,82	13,00	6,12	
618	2676,00	1087,00	1259,29	-99,76	13,00	6,12	
619	2864,00	1087,00	1347,76	-99,76	19,00	8,94	
620	1707,00	1089,00	803,29	-100,71	12,00	5,65	
621	1917,00	1093,00	902,12	-102,59	16,00	7,53	
622	1795,00	1093,00	844,71	-102,59	18,00	8,47	
623	2234,00	1093,00	1051,29	-102,59	8,00	3,76	
624	1599,00	1096,00	752,47	-104,00	7,00	3,29	
625	1670,00	1097,00	785,88	-104,47	5,00	2,35	
626	1704,00	1095,00	801,88	-103,53	11,00	5,18	
627	2239,00	1095,00	1053,65	-103,53	8,00	3,76	
628	202,00	1100,00	95,06	-105,88	10,00	4,71	
629	2449,00	1100,00	1152,47	-105,88	14,00	6,59	
630	1693,00	1106,00	796,71	-108,71	11,00	5,18	
631	2858,00	1102,00	1344,94	-106,82	13,00	6,12	
632	2442,00	1103,00	1149,18	-107,29	14,00	6,59	
633	2462,00	1104,00	1158,59	-107,76	14,00	6,59	
634	2556,00	1108,00	1202,82	-109,65	28,00	13,18	
635	2857,00	1104,00	1344,47	-107,76	13,00	6,12	
636	2264,00	1105,00	1065,41	-108,24	13,00	6,12	
637	2416,00	1105,00	1136,94	-108,24	6,00	2,82	
638	1591,00	1106,00	748,71	-108,71	5,00	2,35	
639	2855,00	1107,00	1343,53	-109,18	13,00	6,12	
640	2727,00	1107,00	1283,29	-109,18	8,00	3,76	
641	96,00	1108,00	45,18	-109,65	16,00	7,53	
642	2635,00	1108,00	1240,00	-109,65	5,00	2,35	
643	36,00	1110,00	16,94	-110,59	13,00	6,12	
644	300,00	1110,00	141,18	-110,59	15,00	7,06	
645	1854,00	1112,00	872,47	-111,53	5,00	2,35	
646	2424,00	1110,00	1140,71	-110,59	7,00	3,29	
647	2468,00	1115,00	1161,41	-112,94	14,00	6,59	
648	1720,00	1113,00	809,41	-112,00	5,00	2,35	
649	159,00	1115,00	74,82	-112,94	7,00	3,29	
650	2743,00	1113,00	1290,82	-112,00	11,00	5,18	
651	1517,00	1114,00	713,88	-112,47	5,00	2,35	
652	2628,00	1114,00	1236,71	-112,47	5,00	2,35	
653	1663,00	1116,00	782,59	-113,41	5,00	2,35	
654	2257,00	1116,00	1062,12	-113,41	18,00	8,47	
655	1933,00	1118,00	909,65	-114,35	5,00	2,35	
656	2369,00	1119,00	1114,82	-114,82	8,00	3,76	
657	48,00	1121,00	22,59	-115,76	10,00	4,71	
658	2792,00	1121,00	1313,88	-115,76	10,00	4,71	
659	56,00	1124,00	26,35	-117,18	10,00	4,71	
660	145,00	1123,00	68,24	-116,71	8,00	3,76	
661	136,00	1125,00	64,00	-117,65	8,00	3,76	
662	143,00	1124,00	67,29	-117,18	8,00	3,76	
663	2391,00	1125,00	1125,18	-117,65	5,00	2,35	
664	1659,00	1127,00	780,71	-118,59	6,00	2,82	
665	2425,00	1126,00	1141,18	-118,12	5,00	2,35	
666	2402,00	1128,00	1130,35	-119,06	5,00	2,35	
667	2687,00	1127,00	1264,47	-118,59	10,00	4,71	
668	1707,00	1129,00	803,29	-119,53	7,00	3,29	
669	72,00	1131,00	33,88	-120,47	9,00	4,24	
670	2678,00	1131,00	1260,24	-120,47	7,00	3,29	
671	2503,00	1132,00	1177,88	-120,94	5,00	2,35	
672	2695,00	1132,00	1268,24	-120,94	10,00	4,71	
673	1700,00	1133,00	800,00	-121,41	6,00	2,82	
674	1967,00	1133,00	925,65	-121,41	5,00	2,35	
675	208,00	1134,00	97,88	-121,88	19,00	8,94	
676	2595,00	1135,00	1221,18	-122,35	7,00	3,29	
677	79,00	1135,00	37,18	-122,35	8,00	3,76	
678	82,00	1136,00	38,59	-122,82	8,00	3,76	
679	1744,00	1136,00	820,71	-122,82	5,00	2,35	
680	2263,00	1139,00	1064,94	-124,24	23,00	10,82	
681	2737,00	1137,00	1288,00	-123,29	8,00	3,76	
682	1443,00	1138,00	679,06	-123,76	5,00	2,35	
683	1590,00	1140,00	748,24	-124,71	8,00	3,76	
684	2532,00	1140,00	1191,53	-124,71	5,00	2,35	
685	1618,00	1142,00	761,41	-125,65	10,00	4,71	
686	2483,00	1142,00	1168,47	-125,65	8,00	3,76	
687	1565,00	1142,00	736,47	-125,65	6,00	2,82	
688	1430,00	1144,00	672,94	-126,59	8,00	3,76	
689	2224,00	1143,00	1046,59	-126,12	7,00	3,29	
690	1463,00	1146,00	688,47	-127,53	5,00	2,35	
691	2495,00	1145,00	1174,12	-127,06	7,00	3,29	
692	1753,00	1148,00	824,94	-128,47	7,00	3,29	
693	2401,00	1147,00	1129,88	-128,00	6,00	2,82	
694	2909,00	1147,00	1368,94	-128,00	24,00	11,29	
695	1343,00	1149,00	632,00	-128,94	11,00	5,18	
696	1670,00	1149,00	785,88	-128,94	7,00	3,29	
697	2269,00	1152,00	1067,76	-130,35	24,00	11,29	
698	1506,00	1153,00	708,71	-130,82	5,00	2,35	
699	1756,00	1154,00	826,35	-131,29	7,00	3,29	
700	2167,00	1155,00	1019,76	-131,76	15,00	7,06	
701	2753,00	1154,00	1295,53	-131,29	14,00	6,59	
702	2342,00	1155,00	1102,12	-131,76	7,00	3,29	
703	1841,00	1156,00	866,35	-132,24	7,00	3,29	
704	1943,00	1157,00	914,35	-132,71	10,00	4,71	
705	2356,00	1157,00	1108,71	-132,71	6,00	2,82	
706	2340,00	1158,00	1101,18	-133,18	7,00	3,29	
707	2698,00	1158,00	1269,65	-133,18	5,00	2,35	
708	2406,00	1159,00	1132,24	-133,65	5,00	2,35	
709	1872,00	1161,00	880,94	-134,59	7,00	3,29	
710	1898,00	1162,00	893,18	-135,06	8,00	3,76	
711	2091,00	1166,00	984,00	-136,94	17,00	8,00	
712	1832,00	1164,00	862,12	-136,00	6,00	2,82	
713	1467,00	1164,00	690,35	-136,00	8,00	3,76	
714	1913,00	1164,00	900,24	-136,00	7,00	3,29	
715	1982,00	1166,00	932,71	-136,94	27,00	12,71	
716	2328,00	1164,00	1095,53	-136,00	5,00	2,35	
717	2875,00	1166,00	1352,94	-136,94	5,00	2,35	
718	2311,00	1169,00	1087,53	-138,35	6,00	2,82	
719	1915,00	1169,00	901,18	-138,35	6,00	2,82	
720	1650,00	1170,00	776,47	-138,82	10,00	4,71	
721	2206,00	1171,00	1038,12	-139,29	13,00	6,12	
722	2668,00	1170,00	1255,53	-138,82	7,00	3,29	
723	1508,00	1174,00	709,65	-140,71	6,00	2,82	
724	2616,00	1174,00	1231,06	-140,71	14,00	6,59	
725	1656,00	1175,00	779,29	-141,18	11,00	5,18	
726	1828,00	1175,00	860,24	-141,18	6,00	2,82	
727	1774,00	1179,00	834,82	-143,06	9,00	4,24	
728	1405,00	1180,00	661,18	-143,53	5,00	2,35	
729	1778,00	1180,00	836,71	-143,53	9,00	4,24	
730	2567,00	1180,00	1208,00	-143,53	11,00	5,18	
731	1664,00	1184,00	783,06	-145,41	11,00	5,18	
732	2626,00	1182,00	1235,76	-144,47	10,00	4,71	
733	2657,00	1183,00	1250,35	-144,94	7,00	3,29	
734	1463,00	1187,00	688,47	-146,82	11,00	5,18	
735	2299,00	1187,00	1081,88	-146,82	11,00	5,18	
736	352,00	1187,00	165,65	-146,82	50,00	23,53	
737	1416,00	1188,00	666,35	-147,29	9,00	4,24	
738	1701,00	1188,00	800,47	-147,29	5,00	2,35	
739	1508,00	1188,00	709,65	-147,29	6,00	2,82	
740	2503,00	1191,00	1177,88	-148,71	6,00	2,82	
741	2447,00	1193,00	1151,53	-149,65	7,00	3,29	
742	2455,00	1196,00	1155,29	-151,06	7,00	3,29	
743	2833,00	1197,00	1333,18	-151,53	32,00	15,06	
744	2908,00	1199,00	1368,47	-152,47	5,00	2,35	
745	2307,00	1201,00	1085,65	-153,41	13,00	6,12	
746	1830,00	1199,00	861,18	-152,47	6,00	2,82	
747	1841,00	1199,00	866,35	-152,47	6,00	2,82	
748	2431,00	1202,00	1144,00	-153,88	13,00	6,12	
749	1673,00	1203,00	787,29	-154,35	5,00	2,35	
750	2480,00	1203,00	1167,06	-154,35	9,00	4,24	
751	1874,00	1207,00	881,88	-156,24	7,00	3,29	
752	2201,00	1206,00	1035,76	-155,76	6,00	2,82	
753	1635,00	1210,00	769,41	-157,65	5,00	2,35	
754	2149,00	1210,00	1011,29	-157,65	13,00	6,12	
755	2681,00	1210,00	1261,65	-157,65	21,00	9,88	
756	2567,00	1211,00	1208,00	-158,12	7,00	3,29	
757	1358,00	1214,00	639,06	-159,53	24,00	11,29	
758	2661,00	1214,00	1252,24	-159,53	16,00	7,53	
759	2768,00	1214,00	1302,59	-159,53	31,00	14,59	
760	1145,00	1215,00	538,82	-160,00	7,00	3,29	
761	1085,00	1216,00	510,59	-160,47	10,00	4,71	
762	1638,00	1219,00	770,82	-161,88	5,00	2,35	
763	2435,00	1219,00	1145,88	-161,88	13,00	6,12	
764	2758,00	1216,00	1297,88	-160,47	32,00	15,06	
765	1517,00	1220,00	713,88	-162,35	8,00	3,76	
766	1473,00	1219,00	693,18	-161,88	10,00	4,71	
767	1868,00	1220,00	879,06	-162,35	8,00	3,76	
768	1801,00	1219,00	847,53	-161,88	5,00	2,35	
769	2540,00	1219,00	1195,29	-161,88	7,00	3,29	
770	1775,00	1220,00	835,29	-162,35	5,00	2,35	
771	1907,00	1222,00	897,41	-163,29	13,00	6,12	
772	313,00	1223,00	147,29	-163,76	42,00	19,76	
773	1109,00	1223,00	521,88	-163,76	5,00	2,35	
774	2548,00	1224,00	1199,06	-164,24	6,00	2,82	
775	1443,00	1225,00	679,06	-164,71	10,00	4,71	
776	312,00	1226,00	146,82	-165,18	42,00	19,76	
777	1441,00	1227,00	678,12	-165,65	10,00	4,71	
778	1471,00	1229,00	692,24	-166,59	8,00	3,76	
779	2493,00	1229,00	1173,18	-166,59	5,00	2,35	
780	1263,00	1233,00	594,35	-168,47	7,00	3,29	
781	1104,00	1234,00	519,53	-168,94	7,00	3,29	
782	1329,00	1232,00	625,41	-168,00	5,00	2,35	
783	2088,00	1233,00	982,59	-168,47	5,00	2,35	
784	2646,00	1232,00	1245,18	-168,00	10,00	4,71	
785	1662,00	1234,00	782,12	-168,94	5,00	2,35	
786	1154,00	1234,00	543,06	-168,94	10,00	4,71	
787	2328,00	1234,00	1095,53	-168,94	10,00	4,71	
788	2644,00	1235,00	1244,24	-169,41	10,00	4,71	
789	1514,00	1237,00	712,47	-170,35	8,00	3,76	
790	1464,00	1239,00	688,94	-171,29	11,00	5,18	
791	1080,00	1240,00	508,24	-171,76	9,00	4,24	
792	2169,00	1240,00	1020,71	-171,76	11,00	5,18	
793	1091,00	1240,00	513,41	-171,76	8,00	3,76	
794	1266,00	1242,00	595,76	-172,71	6,00	2,82	
795	1433,00	1241,00	674,35	-172,24	9,00	4,24	
796	2348,00	1242,00	1104,94	-172,71	15,00	7,06	
797	2548,00	1243,00	1199,06	-173,18	6,00	2,82	
798	2095,00	1245,00	985,88	-174,12	5,00	2,35	
799	2499,00	1244,00	1176,00	-173,65	7,00	3,29	
800	1802,00	1245,00	848,00	-174,12	7,00	3,29	
801	1296,00	1246,00	609,88	-174,59	6,00	2,82	
802	2359,00	1246,00	1110,12	-174,59	13,00	6,12	
803	2234,00	1251,00	1051,29	-176,94	19,00	8,94	
804	1357,00	1250,00	638,59	-176,47	29,00	13,65	
805	2371,00	1249,00	1115,76	-176,00	10,00	4,71	
806	1976,00	1250,00	929,88	-176,47	11,00	5,18	
807	2379,00	1251,00	1119,53	-176,94	10,00	4,71	
808	1807,00	1254,00	850,35	-178,35	5,00	2,35	
809	1971,00	1253,00	927,53	-177,88	11,00	5,18	
810	1438,00	1255,00	676,71	-178,82	6,00	2,82	
811	2690,00	1255,00	1265,88	-178,82	10,00	4,71	
812	2395,00	1258,00	1127,06	-180,24	13,00	6,12	
813	2593,00	1256,00	1220,24	-179,29	5,00	2,35	
814	1470,00	1259,00	691,76	-180,71	8,00	3,76	
815	2472,00	1262,00	1163,29	-182,12	8,00	3,76	
816	1879,00	1261,00	884,24	-181,65	8,00	3,76	
817	1474,00	1263,00	693,65	-182,59	8,00	3,76	
818	1510,00	1267,00	710,59	-184,47	7,00	3,29	
819	2309,00	1267,00	1086,59	-184,47	5,00	2,35	
820	2512,00	1263,00	1182,12	-182,59	9,00	4,24	
821	2509,00	1264,00	1180,71	-183,06	9,00	4,24	
822	2912,00	1265,00	1370,35	-183,53	31,00	14,59	
823	363,00	1267,00	170,82	-184,47	6,00	2,82	
824	1151,00	1266,00	541,65	-184,00	11,00	5,18	
825	2787,00	1272,00	1311,53	-186,82	5,00	2,35	
826	1281,00	1273,00	602,82	-187,29	11,00	5,18	
827	2347,00	1273,00	1104,47	-187,29	12,00	5,65	
828	1163,00	1275,00	547,29	-188,24	9,00	4,24	
829	2409,00	1274,00	1133,65	-187,76	12,00	5,65	
830	2632,00	1276,00	1238,59	-188,71	14,00	6,59	
831	1898,00	1280,00	893,18	-190,59	9,00	4,24	
832	1041,00	1279,00	489,88	-190,12	7,00	3,29	
833	1984,00	1280,00	933,65	-190,59	7,00	3,29	
834	2260,00	1279,00	1063,53	-190,12	12,00	5,65	
835	2298,00	1281,00	1081,41	-191,06	8,00	3,76	
836	2508,00	1281,00	1180,24	-191,06	7,00	3,29	
837	1125,00	1283,00	529,41	-192,00	12,00	5,65	
838	1283,00	1284,00	603,76	-192,47	11,00	5,18	
839	2391,00	1283,00	1125,18	-192,00	8,00	3,76	
840	1389,00	1284,00	653,65	-192,47	6,00	2,82	
841	2284,00	1285,00	1074,82	-192,94	9,00	4,24	
842	1944,00	1288,00	914,82	-194,35	14,00	6,59	
843	1114,00	1288,00	524,24	-194,35	10,00	4,71	
844	2976,00	1288,00	1400,47	-194,35	6,00	2,82	
845	1163,00	1291,00	547,29	-195,76	6,00	2,82	
846	2451,00	1292,00	1153,41	-196,24	22,00	10,35	
847	1653,00	1292,00	777,88	-196,24	8,00	3,76	
848	2519,00	1294,00	1185,41	-197,18	9,00	4,24	
849	2910,00	1292,00	1369,41	-196,24	32,00	15,06	
850	1368,00	1293,00	643,76	-196,71	5,00	2,35	
851	1636,00	1294,00	769,88	-197,18	8,00	3,76	
852	2853,00	1294,00	1342,59	-197,18	10,00	4,71	
853	1658,00	1295,00	780,24	-197,65	8,00	3,76	
854	2193,00	1295,00	1032,00	-197,65	18,00	8,47	
855	1461,00	1296,00	687,53	-198,12	10,00	4,71	
856	2648,00	1298,00	1246,12	-199,06	17,00	8,00	
857	310,00	1300,00	145,88	-200,00	49,00	23,06	
858	1459,00	1297,00	686,59	-198,59	10,00	4,71	
859	1375,00	1298,00	647,06	-199,06	6,00	2,82	
860	1500,00	1298,00	705,88	-199,06	8,00	3,76	
861	2346,00	1300,00	1104,00	-200,00	6,00	2,82	
862	2779,00	1300,00	1307,76	-200,00	9,00	4,24	
863	2843,00	1300,00	1337,88	-200,00	10,00	4,71	
864	1113,00	1305,00	523,76	-202,35	5,00	2,35	
865	1489,00	1301,00	700,71	-200,47	10,00	4,71	
866	1129,00	1305,00	531,29	-202,35	6,00	2,82	
867	1445,00	1302,00	680,00	-200,94	7,00	3,29	
868	1055,00	1306,00	496,47	-202,82	21,00	9,88	
869	2377,00	1305,00	1118,59	-202,35	7,00	3,29	
870	1303,00	1309,00	613,18	-204,24	5,00	2,35	
871	1867,00	1310,00	878,59	-204,71	10,00	4,71	
872	2279,00	1311,00	1072,47	-205,18	7,00	3,29	
873	2337,00	1310,00	1099,76	-204,71	9,00	4,24	
874	2476,00	1311,00	1165,18	-205,18	17,00	8,00	
875	2547,00	1313,00	1198,59	-206,12	17,00	8,00	
876	2786,00	1314,00	1311,06	-206,59	12,00	5,65	
877	1306,00	1314,00	614,59	-206,59	5,00	2,35	
878	1537,00	1313,00	723,29	-206,12	5,00	2,35	
879	2112,00	1313,00	993,88	-206,12	19,00	8,94	
880	1657,00	1314,00	779,76	-206,59	5,00	2,35	
881	2255,00	1314,00	1061,18	-206,59	10,00	4,71	
882	2711,00	1315,00	1275,76	-207,06	18,00	8,47	
883	1539,00	1318,00	724,24	-208,47	5,00	2,35	
884	2749,00	1319,00	1293,65	-208,94	7,00	3,29	
885	1830,00	1317,00	861,18	-208,00	5,00	2,35	
886	2244,00	1317,00	1056,00	-208,00	11,00	5,18	
887	2241,00	1318,00	1054,59	-208,47	11,00	5,18	
888	1112,00	1319,00	523,29	-208,94	5,00	2,35	
889	2388,00	1321,00	1123,76	-209,88	9,00	4,24	
890	1419,00	1325,00	667,76	-211,76	14,00	6,59	
891	1840,00	1325,00	865,88	-211,76	5,00	2,35	
892	1520,00	1323,00	715,29	-210,82	6,00	2,82	
893	2563,00	1324,00	1206,12	-211,29	20,00	9,41	
894	2654,00	1324,00	1248,94	-211,29	5,00	2,35	
895	2387,00	1325,00	1123,29	-211,76	9,00	4,24	
896	1020,00	1329,00	480,00	-213,65	6,00	2,82	
897	909,00	1329,00	427,76	-213,65	20,00	9,41	
898	1410,00	1330,00	663,53	-214,12	12,00	5,65	
899	1408,00	1331,00	662,59	-214,59	12,00	5,65	
900	1545,00	1331,00	727,06	-214,59	5,00	2,35	
901	2824,00	1331,00	1328,94	-214,59	5,00	2,35	
902	1547,00	1332,00	728,00	-215,06	5,00	2,35	
903	2706,00	1334,00	1273,41	-216,00	21,00	9,88	
904	1270,00	1335,00	597,65	-216,47	8,00	3,76	
905	936,00	1337,00	440,47	-217,41	5,00	2,35	
906	1497,00	1335,00	704,47	-216,47	6,00	2,82	
907	314,00	1340,00	147,76	-218,82	50,00	23,53	
908	3054,00	1337,00	1437,18	-217,41	7,00	3,29	
909	3065,00	1337,00	1442,35	-217,41	7,00	3,29	
910	1120,00	1339,00	527,06	-218,35	8,00	3,76	
911	2404,00	1338,00	1131,29	-217,88	7,00	3,29	
912	2585,00	1338,00	1216,47	-217,88	7,00	3,29	
913	3037,00	1338,00	1429,18	-217,88	5,00	2,35	
914	1900,00	1339,00	894,12	-218,35	9,00	4,24	
915	892,00	1340,00	419,76	-218,82	17,00	8,00	
916	1137,00	1341,00	535,06	-219,29	5,00	2,35	
917	1907,00	1343,00	897,41	-220,24	9,00	4,24	
918	882,00	1342,00	415,06	-219,76	18,00	8,47	
919	3023,00	1343,00	1422,59	-220,24	6,00	2,82	
920	875,00	1343,00	411,76	-220,24	18,00	8,47	
921	961,00	1343,00	452,24	-220,24	8,00	3,76	
922	1077,00	1344,00	506,82	-220,71	6,00	2,82	
923	2322,00	1354,00	1092,71	-225,41	31,00	14,59	
924	2450,00	1346,00	1152,94	-221,65	5,00	2,35	
925	832,00	1346,00	391,53	-221,65	10,00	4,71	
926	1215,00	1347,00	571,76	-222,12	6,00	2,82	
927	2404,00	1348,00	1131,29	-222,59	6,00	2,82	
928	3011,00	1349,00	1416,94	-223,06	7,00	3,29	
929	2436,00	1351,00	1146,35	-224,00	5,00	2,35	
930	2999,00	1351,00	1411,29	-224,00	6,00	2,82	
931	1202,00	1352,00	565,65	-224,47	5,00	2,35	
932	2023,00	1353,00	952,00	-224,94	5,00	2,35	
933	3164,00	1353,00	1488,94	-224,94	18,00	8,47	
934	2957,00	1355,00	1391,53	-225,88	10,00	4,71	
935	2559,00	1355,00	1204,24	-225,88	5,00	2,35	
936	2905,00	1355,00	1367,06	-225,88	12,00	5,65	
937	1299,00	1356,00	611,29	-226,35	18,00	8,47	
938	2153,00	1356,00	1013,18	-226,35	35,00	16,47	
939	2493,00	1356,00	1173,18	-226,35	12,00	5,65	
940	823,00	1357,00	387,29	-226,82	9,00	4,24	
941	1057,00	1358,00	497,41	-227,29	5,00	2,35	
942	2918,00	1360,00	1373,18	-228,24	13,00	6,12	
943	1017,00	1360,00	478,59	-228,24	10,00	4,71	
944	1593,00	1360,00	749,65	-228,24	6,00	2,82	
945	2514,00	1361,00	1183,06	-228,71	9,00	4,24	
946	2655,00	1361,00	1249,41	-228,71	5,00	2,35	
947	3171,00	1361,00	1492,24	-228,71	17,00	8,00	
948	813,00	1362,00	382,59	-229,18	8,00	3,76	
949	1463,00	1362,00	688,47	-229,18	5,00	2,35	
950	3063,00	1364,00	1441,41	-230,12	15,00	7,06	
951	796,00	1366,00	374,59	-231,06	7,00	3,29	
952	2608,00	1366,00	1227,29	-231,06	8,00	3,76	
953	947,00	1367,00	445,65	-231,53	12,00	5,65	
954	1425,00	1367,00	670,59	-231,53	5,00	2,35	
955	2048,00	1367,00	963,76	-231,53	5,00	2,35	
956	2325,00	1367,00	1094,12	-231,53	31,00	14,59	
957	2591,00	1370,00	1219,29	-232,94	9,00	4,24	
958	2715,00	1369,00	1277,65	-232,47	29,00	13,65	
959	2958,00	1371,00	1392,00	-233,41	9,00	4,24	
960	2056,00	1372,00	967,53	-233,88	8,00	3,76	
961	1201,00	1373,00	565,18	-234,35	5,00	2,35	
962	1375,00	1374,00	647,06	-234,82	17,00	8,00	
963	2382,00	1373,00	1120,94	-234,35	9,00	4,24	
964	2530,00	1374,00	1190,59	-234,82	8,00	3,76	
965	1082,00	1375,00	509,18	-235,29	8,00	3,76	
966	2650,00	1376,00	1247,06	-235,76	14,00	6,59	
967	2431,00	1377,00	1144,00	-236,24	6,00	2,82	
968	999,00	1380,00	470,12	-237,65	5,00	2,35	
969	1213,00	1380,00	570,82	-237,65	10,00	4,71	
970	2959,00	1386,00	1392,47	-240,47	8,00	3,76	
971	3177,00	1381,00	1495,06	-238,12	19,00	8,94	
972	2240,00	1385,00	1054,12	-240,00	26,00	12,24	
973	1366,00	1382,00	642,82	-238,59	18,00	8,47	
974	2565,00	1382,00	1207,06	-238,59	10,00	4,71	
975	1362,00	1385,00	640,94	-240,00	18,00	8,47	
976	1590,00	1386,00	748,24	-240,47	5,00	2,35	
977	2536,00	1386,00	1193,41	-240,47	10,00	4,71	
978	1205,00	1387,00	567,06	-240,94	8,00	3,76	
979	2403,00	1388,00	1130,82	-241,41	5,00	2,35	
980	393,00	1390,00	184,94	-242,35	5,00	2,35	
981	1972,00	1390,00	928,00	-242,35	8,00	3,76	
982	2849,00	1391,00	1340,71	-242,82	39,00	18,35	
983	1270,00	1391,00	597,65	-242,82	13,00	6,12	
984	2920,00	1395,00	1374,12	-244,71	5,00	2,35	
985	1069,00	1395,00	503,06	-244,71	5,00	2,35	
986	1994,00	1394,00	938,35	-244,24	5,00	2,35	
987	2958,00	1398,00	1392,00	-246,12	8,00	3,76	
988	2993,00	1397,00	1408,47	-245,65	8,00	3,76	
989	1263,00	1396,00	594,35	-245,18	11,00	5,18	
990	1043,00	1399,00	490,82	-246,59	7,00	3,29	
991	1394,00	1399,00	656,00	-246,59	5,00	2,35	
992	1405,00	1400,00	661,18	-247,06	5,00	2,35	
993	1039,00	1403,00	488,94	-248,47	7,00	3,29	
994	2575,00	1403,00	1211,76	-248,47	12,00	5,65	
995	2956,00	1404,00	1391,06	-248,94	8,00	3,76	
996	2647,00	1404,00	1245,65	-248,94	5,00	2,35	
997	367,00	1405,00	172,71	-249,41	17,00	8,00	
998	1592,00	1405,00	749,18	-249,41	6,00	2,82	
999	981,00	1408,00	461,65	-250,82	13,00	6,12	
1000	1410,00	1409,00	663,53	-251,29	5,00	2,35	
1001	1437,00	1409,00	676,24	-251,29	5,00	2,35	
1002	1019,00	1409,00	479,53	-251,29	5,00	2,35	
1003	1110,00	1410,00	522,35	-251,76	18,00	8,47	
1004	3041,00	1409,00	1431,06	-251,29	6,00	2,82	
1005	1195,00	1410,00	562,35	-251,76	7,00	3,29	
1006	2916,00	1410,00	1372,24	-251,76	7,00	3,29	
1007	903,00	1412,00	424,94	-252,71	31,00	14,59	
1008	1370,00	1412,00	644,71	-252,71	7,00	3,29	
1009	2289,00	1411,00	1077,18	-252,24	6,00	2,82	
1010	2542,00	1411,00	1196,24	-252,24	7,00	3,29	
1011	2626,00	1414,00	1235,76	-253,65	9,00	4,24	
1012	2681,00	1414,00	1261,65	-253,65	8,00	3,76	
1013	1333,00	1413,00	627,29	-253,18	8,00	3,76	
1014	2540,00	1415,00	1195,29	-254,12	7,00	3,29	
1015	3031,00	1414,00	1426,35	-253,65	5,00	2,35	
1016	842,00	1418,00	396,24	-255,53	5,00	2,35	
1017	2085,00	1416,00	981,18	-254,59	29,00	13,65	
1018	1912,00	1417,00	899,76	-255,06	5,00	2,35	
1019	2048,00	1417,00	963,76	-255,06	13,00	6,12	
1020	3004,00	1418,00	1413,65	-255,53	8,00	3,76	
1021	1918,00	1419,00	902,59	-256,00	5,00	2,35	
1022	2990,00	1419,00	1407,06	-256,00	5,00	2,35	
1023	2914,00	1420,00	1371,29	-256,47	6,00	2,82	
1024	1342,00	1421,00	631,53	-256,94	5,00	2,35	
1025	2260,00	1421,00	1063,53	-256,94	8,00	3,76	
1026	2537,00	1423,00	1193,88	-257,88	7,00	3,29	
1027	2292,00	1422,00	1078,59	-257,41	5,00	2,35	
1028	1379,00	1425,00	648,94	-258,82	5,00	2,35	
1029	2792,00	1424,00	1313,88	-258,35	7,00	3,29	
1030	1415,00	1426,00	665,88	-259,29	7,00	3,29	
1031	971,00	1427,00	456,94	-259,76	6,00	2,82	
1032	1109,00	1427,00	521,88	-259,76	17,00	8,00	
1033	1238,00	1427,00	582,59	-259,76	13,00	6,12	
1034	2422,00	1426,00	1139,76	-259,29	11,00	5,18	
1035	2634,00	1427,00	1239,53	-259,76	7,00	3,29	
1036	1324,00	1428,00	623,06	-260,24	9,00	4,24	
1037	2172,00	1427,00	1022,12	-259,76	6,00	2,82	
1038	388,00	1428,00	182,59	-260,24	7,00	3,29	
1039	2132,00	1428,00	1003,29	-260,24	9,00	4,24	
1040	2312,00	1430,00	1088,00	-261,18	5,00	2,35	
1041	1184,00	1431,00	557,18	-261,65	11,00	5,18	
1042	2123,00	1430,00	999,06	-261,18	10,00	4,71	
1043	1584,00	1431,00	745,41	-261,65	5,00	2,35	
1044	1751,00	1431,00	824,00	-261,65	5,00	2,35	
1045	2436,00	1431,00	1146,35	-261,65	7,00	3,29	
1046	2375,00	1434,00	1117,65	-263,06	10,00	4,71	
1047	1670,00	1435,00	785,88	-263,53	6,00	2,82	
1048	2729,00	1435,00	1284,24	-263,53	18,00	8,47	
1049	2523,00	1437,00	1187,29	-264,47	6,00	2,82	
1050	2185,00	1444,00	1028,24	-267,76	5,00	2,35	
1051	2733,00	1437,00	1286,12	-264,47	18,00	8,47	
1052	2735,00	1438,00	1287,06	-264,94	18,00	8,47	
1053	1451,00	1439,00	682,82	-265,41	5,00	2,35	
1054	2366,00	1440,00	1113,41	-265,88	13,00	6,12	
1055	1609,00	1441,00	757,18	-266,35	9,00	4,24	
1056	794,00	1443,00	373,65	-267,29	5,00	2,35	
1057	813,00	1444,00	382,59	-267,76	7,00	3,29	
1058	1232,00	1445,00	579,76	-268,24	12,00	5,65	
1059	2996,00	1444,00	1409,88	-267,76	5,00	2,35	
1060	959,00	1447,00	451,29	-269,18	8,00	3,76	
1061	1322,00	1446,00	622,12	-268,71	12,00	5,65	
1062	1608,00	1445,00	756,71	-268,24	9,00	4,24	
1063	1694,00	1446,00	797,18	-268,71	10,00	4,71	
1064	2740,00	1446,00	1289,41	-268,71	18,00	8,47	
1065	2255,00	1446,00	1061,18	-268,71	14,00	6,59	
1066	2636,00	1446,00	1240,47	-268,71	5,00	2,35	
1067	788,00	1448,00	370,82	-269,65	5,00	2,35	
1068	818,00	1448,00	384,94	-269,65	7,00	3,29	
1069	1103,00	1449,00	519,06	-270,12	17,00	8,00	
1070	2584,00	1451,00	1216,00	-271,06	10,00	4,71	
1071	1986,00	1450,00	934,59	-270,59	9,00	4,24	
1072	2506,00	1452,00	1179,29	-271,53	6,00	2,82	
1073	2919,00	1450,00	1373,65	-270,59	9,00	4,24	
1074	3000,00	1450,00	1411,76	-270,59	5,00	2,35	
1075	408,00	1453,00	192,00	-272,00	8,00	3,76	
1076	851,00	1452,00	400,47	-271,53	8,00	3,76	
1077	1162,00	1451,00	546,82	-271,06	13,00	6,12	
1078	1083,00	1452,00	509,65	-271,53	12,00	5,65	
1079	1075,00	1454,00	505,88	-272,47	12,00	5,65	
1080	1592,00	1454,00	749,18	-272,47	12,00	5,65	
1081	2341,00	1453,00	1101,65	-272,00	18,00	8,47	
1082	265,00	1454,00	124,71	-272,47	29,00	13,65	
1083	1696,00	1456,00	798,12	-273,41	9,00	4,24	
1084	2210,00	1457,00	1040,00	-273,88	13,00	6,12	
1085	950,00	1458,00	447,06	-274,35	6,00	2,82	
1086	2604,00	1457,00	1225,41	-273,88	7,00	3,29	
1087	423,00	1458,00	199,06	-274,35	7,00	3,29	
1088	2239,00	1459,00	1053,65	-274,82	8,00	3,76	
1089	1434,00	1459,00	674,82	-274,82	5,00	2,35	
1090	2767,00	1459,00	1302,12	-274,82	6,00	2,82	
1091	1804,00	1461,00	848,94	-275,76	20,00	9,41	
1092	2605,00	1460,00	1225,88	-275,29	7,00	3,29	
1093	2990,00	1460,00	1407,06	-275,29	7,00	3,29	
1094	2060,00	1461,00	969,41	-275,76	10,00	4,71	
1095	2836,00	1461,00	1334,59	-275,76	19,00	8,94	
1096	1117,00	1462,00	525,65	-276,24	17,00	8,00	
1097	1250,00	1465,00	588,24	-277,65	7,00	3,29	
1098	2501,00	1465,00	1176,94	-277,65	5,00	2,35	
1099	2789,00	1463,00	1312,47	-276,71	6,00	2,82	
1100	1423,00	1464,00	669,65	-277,18	5,00	2,35	
1101	3051,00	1464,00	1435,76	-277,18	11,00	5,18	
1102	3067,00	1464,00	1443,29	-277,18	8,00	3,76	
1103	262,00	1467,00	123,29	-278,59	30,00	14,12	
1104	1130,00	1465,00	531,76	-277,65	20,00	9,41	
1105	1308,00	1465,00	615,53	-277,65	19,00	8,94	
1106	1590,00	1465,00	748,24	-277,65	10,00	4,71	
1107	2318,00	1466,00	1090,82	-278,12	24,00	11,29	
1108	1132,00	1466,00	532,71	-278,12	20,00	9,41	
1109	2450,00	1469,00	1152,94	-279,53	25,00	11,76	
1110	3072,00	1467,00	1445,65	-278,59	8,00	3,76	
1111	1878,00	1469,00	883,76	-279,53	6,00	2,82	
1112	1846,00	1470,00	868,71	-280,00	20,00	9,41	
1113	946,00	1471,00	445,18	-280,47	6,00	2,82	
1114	1671,00	1471,00	786,35	-280,47	17,00	8,00	
1115	2721,00	1472,00	1280,47	-280,94	6,00	2,82	
1116	316,00	1474,00	148,71	-281,88	22,00	10,35	
1117	1027,00	1473,00	483,29	-281,41	17,00	8,00	
1118	1457,00	1474,00	685,65	-281,88	7,00	3,29	
1119	1837,00	1473,00	864,47	-281,41	19,00	8,94	
1120	2399,00	1473,00	1128,94	-281,41	5,00	2,35	
1121	1490,00	1474,00	701,18	-281,88	5,00	2,35	
1122	1659,00	1474,00	780,71	-281,88	18,00	8,47	
1123	2722,00	1475,00	1280,94	-282,35	6,00	2,82	
1124	373,00	1478,00	175,53	-283,76	16,00	7,53	
1125	883,00	1477,00	415,53	-283,29	10,00	4,71	
1126	1689,00	1477,00	794,82	-283,29	10,00	4,71	
1127	2381,00	1480,00	1120,47	-284,71	9,00	4,24	
1128	424,00	1481,00	199,53	-285,18	5,00	2,35	
1129	871,00	1481,00	409,88	-285,18	5,00	2,35	
1130	944,00	1482,00	444,24	-285,65	8,00	3,76	
1131	1298,00	1482,00	610,82	-285,65	15,00	7,06	
1132	2725,00	1482,00	1282,35	-285,65	5,00	2,35	
1133	1216,00	1483,00	572,24	-286,12	14,00	6,59	
1134	1384,00	1483,00	651,29	-286,12	10,00	4,71	
1135	1581,00	1484,00	744,00	-286,59	5,00	2,35	
1136	941,00	1485,00	442,82	-287,06	8,00	3,76	
1137	427,00	1485,00	200,94	-287,06	5,00	2,35	
1138	2864,00	1485,00	1347,76	-287,06	28,00	13,18	
1139	1928,00	1486,00	907,29	-287,53	41,00	19,29	
1140	3159,00	1489,00	1486,59	-288,94	49,00	23,06	
1141	1491,00	1488,00	701,65	-288,47	7,00	3,29	
1142	2030,00	1493,00	955,29	-290,82	8,00	3,76	
1143	328,00	1493,00	154,35	-290,82	12,00	5,65	
1144	2732,00	1493,00	1285,65	-290,82	5,00	2,35	
1145	397,00	1494,00	186,82	-291,29	5,00	2,35	
1146	887,00	1494,00	417,41	-291,29	5,00	2,35	
1147	1439,00	1494,00	677,18	-291,29	9,00	4,24	
1148	356,00	1495,00	167,53	-291,76	14,00	6,59	
1149	820,00	1496,00	385,88	-292,24	9,00	4,24	
1150	2686,00	1496,00	1264,00	-292,24	7,00	3,29	
1151	2878,00	1497,00	1354,35	-292,71	31,00	14,59	
1152	1670,00	1498,00	785,88	-293,18	7,00	3,29	
1153	2727,00	1497,00	1283,29	-292,71	6,00	2,82	
1154	2405,00	1498,00	1131,76	-293,18	5,00	2,35	
1155	1290,00	1501,00	607,06	-294,59	20,00	9,41	
1156	1383,00	1500,00	650,82	-294,12	7,00	3,29	
1157	962,00	1501,00	452,71	-294,59	13,00	6,12	
1158	2550,00	1501,00	1200,00	-294,59	10,00	4,71	
1159	964,00	1502,00	453,65	-295,06	13,00	6,12	
1160	966,00	1503,00	454,59	-295,53	13,00	6,12	
1161	2408,00	1507,00	1133,18	-297,41	5,00	2,35	
1162	951,00	1504,00	447,53	-296,00	10,00	4,71	
1163	2022,00	1506,00	951,53	-296,94	10,00	4,71	
1164	2698,00	1505,00	1269,65	-296,47	9,00	4,24	
1165	2712,00	1504,00	1276,24	-296,00	7,00	3,29	
1166	1733,00	1506,00	815,53	-296,94	38,00	17,88	
1167	2382,00	1505,00	1120,94	-296,47	8,00	3,76	
1168	835,00	1506,00	392,94	-296,94	9,00	4,24	
1169	1803,00	1509,00	848,47	-298,35	5,00	2,35	
1170	2209,00	1509,00	1039,53	-298,35	8,00	3,76	
1171	2326,00	1509,00	1094,59	-298,35	10,00	4,71	
1172	2220,00	1512,00	1044,71	-299,76	8,00	3,76	
1173	843,00	1512,00	396,71	-299,76	9,00	4,24	
1174	2052,00	1511,00	965,65	-299,29	12,00	5,65	
1175	352,00	1515,00	165,65	-301,18	21,00	9,88	
1176	2370,00	1513,00	1115,29	-300,24	6,00	2,82	
1177	2739,00	1513,00	1288,94	-300,24	5,00	2,35	
1178	849,00	1515,00	399,53	-301,18	9,00	4,24	
1179	1029,00	1516,00	484,24	-301,65	13,00	6,12	
1180	2336,00	1515,00	1099,29	-301,18	11,00	5,18	
1181	2344,00	1518,00	1103,06	-302,59	11,00	5,18	
1182	2784,00	1518,00	1310,12	-302,59	17,00	8,00	
1183	1044,00	1519,00	491,29	-303,06	10,00	4,71	
1184	1414,00	1519,00	665,41	-303,06	10,00	4,71	
1185	1519,00	1519,00	714,82	-303,06	8,00	3,76	
1186	2238,00	1519,00	1053,18	-303,06	9,00	4,24	
1187	856,00	1522,00	402,82	-304,47	9,00	4,24	
1188	2757,00	1522,00	1297,41	-304,47	5,00	2,35	
1189	2788,00	1522,00	1312,00	-304,47	17,00	8,00	
1190	2003,00	1523,00	942,59	-304,94	5,00	2,35	
1191	1470,00	1524,00	691,76	-305,41	7,00	3,29	
1192	2010,00	1526,00	945,88	-306,35	5,00	2,35	
1193	2138,00	1524,00	1006,12	-305,41	40,00	18,82	
1194	2259,00	1524,00	1063,06	-305,41	8,00	3,76	
1195	1052,00	1525,00	495,06	-305,88	13,00	6,12	
1196	1404,00	1526,00	660,71	-306,35	9,00	4,24	
1197	1449,00	1525,00	681,88	-305,88	7,00	3,29	
1198	1591,00	1526,00	748,71	-306,35	14,00	6,59	
1199	2717,00	1525,00	1278,59	-305,88	5,00	2,35	
1200	872,00	1527,00	410,35	-306,82	10,00	4,71	
1201	1192,00	1527,00	560,94	-306,82	5,00	2,35	
1202	444,00	1528,00	208,94	-307,29	5,00	2,35	
1203	1427,00	1530,00	671,53	-308,24	6,00	2,82	
1204	3002,00	1529,00	1412,71	-307,76	50,00	23,53	
1205	877,00	1530,00	412,71	-308,24	10,00	4,71	
1206	1460,00	1531,00	687,06	-308,71	6,00	2,82	
1207	2031,00	1531,00	955,76	-308,71	5,00	2,35	
1208	456,00	1532,00	214,59	-309,18	8,00	3,76	
1209	2020,00	1531,00	950,59	-308,71	5,00	2,35	
1210	2720,00	1531,00	1280,00	-308,71	6,00	2,82	
1211	2733,00	1535,00	1286,12	-310,59	5,00	2,35	
1212	883,00	1536,00	415,53	-311,06	10,00	4,71	
1213	364,00	1537,00	171,29	-311,53	15,00	7,06	
1214	367,00	1540,00	172,71	-312,94	15,00	7,06	
1215	996,00	1539,00	468,71	-312,47	8,00	3,76	
1216	2747,00	1540,00	1292,71	-312,94	8,00	3,76	
1217	1241,00	1542,00	584,00	-313,88	17,00	8,00	
1218	1401,00	1543,00	659,29	-314,35	8,00	3,76	
1219	1620,00	1542,00	762,35	-313,88	8,00	3,76	
1220	2264,00	1547,00	1065,41	-316,24	10,00	4,71	
1221	1202,00	1548,00	565,65	-316,71	8,00	3,76	
1222	1311,00	1547,00	616,94	-316,24	18,00	8,47	
1223	1618,00	1547,00	761,41	-316,24	7,00	3,29	
1224	375,00	1549,00	176,47	-317,18	15,00	7,06	
1225	501,00	1550,00	235,76	-317,65	6,00	2,82	
1226	1234,00	1550,00	580,71	-317,65	18,00	8,47	
1227	2548,00	1551,00	1199,06	-318,12	23,00	10,82	
1228	378,00	1552,00	177,88	-318,59	15,00	7,06	
1229	1043,00	1552,00	490,82	-318,59	5,00	2,35	
1230	2790,00	1553,00	1312,94	-319,06	16,00	7,53	
1231	460,00	1555,00	216,47	-320,00	5,00	2,35	
1232	2156,00	1556,00	1014,59	-320,47	42,00	19,76	
1233	1065,00	1557,00	501,18	-320,94	8,00	3,76	
1234	437,00	1561,00	205,65	-322,82	6,00	2,82	
1235	474,00	1558,00	223,06	-321,41	5,00	2,35	
1236	1232,00	1558,00	579,76	-321,41	17,00	8,00	
1237	1596,00	1558,00	751,06	-321,41	15,00	7,06	
1238	1806,00	1558,00	849,88	-321,41	17,00	8,00	
1239	2587,00	1558,00	1217,41	-321,41	8,00	3,76	
1240	1803,00	1559,00	848,47	-321,88	17,00	8,00	
1241	1801,00	1561,00	847,53	-322,82	17,00	8,00	
1242	927,00	1563,00	436,24	-323,76	8,00	3,76	
1243	2796,00	1563,00	1315,76	-323,76	13,00	6,12	
1244	1142,00	1567,00	537,41	-325,65	44,00	20,71	
1245	1020,00	1566,00	480,00	-325,18	7,00	3,29	
1246	668,00	1567,00	314,35	-325,65	5,00	2,35	
1247	943,00	1570,00	443,76	-327,06	6,00	2,82	
1248	1317,00	1571,00	619,76	-327,53	13,00	6,12	
1249	1466,00	1571,00	689,88	-327,53	8,00	3,76	
1250	401,00	1571,00	188,71	-327,53	8,00	3,76	
1251	999,00	1571,00	470,12	-327,53	5,00	2,35	
1252	527,00	1572,00	248,00	-328,00	5,00	2,35	
1253	988,00	1572,00	464,94	-328,00	5,00	2,35	
1254	1339,00	1573,00	630,12	-328,47	9,00	4,24	
1255	1271,00	1574,00	598,12	-328,94	5,00	2,35	
1256	2923,00	1575,00	1375,53	-329,41	5,00	2,35	
1257	980,00	1577,00	461,18	-330,35	7,00	3,29	
1258	1270,00	1579,00	597,65	-331,29	5,00	2,35	
1259	825,00	1580,00	388,24	-331,76	5,00	2,35	
1260	1523,00	1582,00	716,71	-332,71	5,00	2,35	
1261	2641,00	1583,00	1242,82	-333,18	16,00	7,53	
1262	405,00	1584,00	190,59	-333,65	8,00	3,76	
1263	2451,00	1585,00	1153,41	-334,12	43,00	20,24	
1264	820,00	1586,00	385,88	-334,59	7,00	3,29	
1265	1460,00	1588,00	687,06	-335,53	7,00	3,29	
1266	2251,00	1588,00	1059,29	-335,53	7,00	3,29	
1267	2607,00	1587,00	1226,82	-335,06	5,00	2,35	
1268	508,00	1587,00	239,06	-335,06	5,00	2,35	
1269	2549,00	1587,00	1199,53	-335,06	7,00	3,29	
1270	409,00	1589,00	192,47	-336,00	8,00	3,76	
1271	1370,00	1588,00	644,71	-335,53	12,00	5,65	
1272	3014,00	1588,00	1418,35	-335,53	6,00	2,82	
1273	2565,00	1589,00	1207,06	-336,00	6,00	2,82	
1274	1662,00	1591,00	782,12	-336,94	15,00	7,06	
1275	955,00	1592,00	449,41	-337,41	9,00	4,24	
1276	1642,00	1592,00	772,71	-337,41	5,00	2,35	
1277	2665,00	1592,00	1254,12	-337,41	8,00	3,76	
1278	1317,00	1594,00	619,76	-338,35	7,00	3,29	
1279	518,00	1594,00	243,76	-338,35	9,00	4,24	
1280	589,00	1599,00	277,18	-340,71	6,00	2,82	
1281	2674,00	1599,00	1258,35	-340,71	7,00	3,29	
1282	505,00	1600,00	237,65	-341,18	7,00	3,29	
1283	969,00	1600,00	456,00	-341,18	5,00	2,35	
1284	1315,00	1600,00	618,82	-341,18	7,00	3,29	
1285	2215,00	1601,00	1042,35	-341,65	9,00	4,24	
1286	2238,00	1601,00	1053,18	-341,65	10,00	4,71	
1287	2627,00	1602,00	1236,24	-342,12	13,00	6,12	
1288	3135,00	1604,00	1475,29	-343,06	5,00	2,35	
1289	1309,00	1604,00	616,00	-343,06	7,00	3,29	
1290	2965,00	1604,00	1395,29	-343,06	9,00	4,24	
1291	3152,00	1605,00	1483,29	-343,53	8,00	3,76	
1292	851,00	1605,00	400,47	-343,53	5,00	2,35	
1293	932,00	1607,00	438,59	-344,47	9,00	4,24	
1294	2233,00	1605,00	1050,82	-343,53	10,00	4,71	
1295	1264,00	1606,00	594,82	-344,00	13,00	6,12	
1296	597,00	1607,00	280,94	-344,47	8,00	3,76	
1297	1230,00	1607,00	578,82	-344,47	25,00	11,76	
1298	2802,00	1609,00	1318,59	-345,41	24,00	11,29	
1299	3024,00	1611,00	1423,06	-346,35	7,00	3,29	
1300	2983,00	1616,00	1403,76	-348,71	8,00	3,76	
1301	2684,00	1618,00	1263,06	-349,65	5,00	2,35	
1302	440,00	1617,00	207,06	-349,18	20,00	9,41	
1303	3017,00	1617,00	1419,76	-349,18	8,00	3,76	
1304	3101,00	1618,00	1459,29	-349,65	5,00	2,35	
1305	346,00	1618,00	162,82	-349,65	29,00	13,65	
1306	3155,00	1618,00	1484,71	-349,65	9,00	4,24	
1307	672,00	1619,00	316,24	-350,12	5,00	2,35	
1308	3085,00	1621,00	1451,76	-351,06	6,00	2,82	
1309	1306,00	1623,00	614,59	-352,00	7,00	3,29	
1310	2511,00	1622,00	1181,65	-351,53	10,00	4,71	
1311	2692,00	1630,00	1266,82	-355,29	6,00	2,82	
1312	2745,00	1628,00	1291,76	-354,35	24,00	11,29	
1313	532,00	1629,00	250,35	-354,82	13,00	6,12	
1314	2997,00	1629,00	1410,35	-354,82	10,00	4,71	
1315	530,00	1630,00	249,41	-355,29	13,00	6,12	
1316	1607,00	1630,00	756,24	-355,29	8,00	3,76	
1317	865,00	1633,00	407,06	-356,71	5,00	2,35	
1318	523,00	1633,00	246,12	-356,71	14,00	6,59	
1319	1613,00	1632,00	759,06	-356,24	9,00	4,24	
1320	2536,00	1633,00	1193,41	-356,71	11,00	5,18	
1321	3138,00	1638,00	1476,71	-359,06	7,00	3,29	
1322	680,00	1635,00	320,00	-357,65	5,00	2,35	
1323	2991,00	1634,00	1407,53	-357,18	8,00	3,76	
1324	2592,00	1636,00	1219,76	-358,12	6,00	2,82	
1325	1177,00	1637,00	553,88	-358,59	5,00	2,35	
1326	2508,00	1638,00	1180,24	-359,06	12,00	5,65	
1327	1583,00	1639,00	744,94	-359,53	10,00	4,71	
1328	1686,00	1641,00	793,41	-360,47	5,00	2,35	
1329	2740,00	1641,00	1289,41	-360,47	27,00	12,71	
1330	606,00	1642,00	285,18	-360,94	12,00	5,65	
1331	3117,00	1645,00	1466,82	-362,35	5,00	2,35	
1332	793,00	1646,00	373,18	-362,82	7,00	3,29	
1333	670,00	1648,00	315,29	-363,76	7,00	3,29	
1334	797,00	1647,00	375,06	-363,29	7,00	3,29	
1335	772,00	1648,00	363,29	-363,76	5,00	2,35	
1336	676,00	1651,00	318,12	-365,18	7,00	3,29	
1337	1436,00	1651,00	675,76	-365,18	5,00	2,35	
1338	1063,00	1654,00	500,24	-366,59	9,00	4,24	
1339	1848,00	1651,00	869,65	-365,18	42,00	19,76	
1340	2997,00	1653,00	1410,35	-366,12	7,00	3,29	
1341	932,00	1652,00	438,59	-365,65	6,00	2,82	
1342	966,00	1652,00	454,59	-365,65	5,00	2,35	
1343	2551,00	1652,00	1200,47	-365,65	5,00	2,35	
1344	2582,00	1652,00	1215,06	-365,65	9,00	4,24	
1345	2620,00	1653,00	1232,94	-366,12	8,00	3,76	
1346	1654,00	1653,00	778,35	-366,12	11,00	5,18	
1347	2542,00	1653,00	1196,24	-366,12	5,00	2,35	
1348	960,00	1656,00	451,76	-367,53	5,00	2,35	
1349	1842,00	1654,00	866,82	-366,59	43,00	20,24	
1350	2914,00	1656,00	1371,29	-367,53	44,00	20,71	
1351	1147,00	1655,00	539,76	-367,06	7,00	3,29	
1352	427,00	1656,00	200,94	-367,53	5,00	2,35	
1353	1249,00	1656,00	587,76	-367,53	9,00	4,24	
1354	1806,00	1656,00	849,88	-367,53	49,00	23,06	
1355	437,00	1658,00	205,65	-368,47	5,00	2,35	
1356	1307,00	1658,00	615,06	-368,47	5,00	2,35	
1357	517,00	1659,00	243,29	-368,94	19,00	8,94	
1358	2622,00	1660,00	1233,88	-369,41	8,00	3,76	
1359	1183,00	1662,00	556,71	-370,35	12,00	5,65	
1360	1288,00	1660,00	606,12	-369,41	13,00	6,12	
1361	2495,00	1660,00	1174,12	-369,41	14,00	6,59	
1362	1281,00	1662,00	602,82	-370,35	14,00	6,59	
1363	370,00	1663,00	174,12	-370,82	19,00	8,94	
1364	436,00	1665,00	205,18	-371,76	5,00	2,35	
1365	1266,00	1663,00	595,76	-370,82	12,00	5,65	
1366	850,00	1664,00	400,00	-371,29	5,00	2,35	
1367	832,00	1666,00	391,53	-372,24	5,00	2,35	
1368	2496,00	1666,00	1174,59	-372,24	14,00	6,59	
1369	1081,00	1667,00	508,71	-372,71	8,00	3,76	
1370	2498,00	1670,00	1175,53	-374,12	14,00	6,59	
1371	2569,00	1669,00	1208,94	-373,65	6,00	2,82	
1372	921,00	1673,00	433,41	-375,53	5,00	2,35	
1373	2689,00	1675,00	1265,41	-376,47	12,00	5,65	
1374	674,00	1674,00	317,18	-376,00	13,00	6,12	
1375	1123,00	1675,00	528,47	-376,47	6,00	2,82	
1376	1686,00	1677,00	793,41	-377,41	28,00	13,18	
1377	653,00	1677,00	307,29	-377,41	12,00	5,65	
1378	664,00	1677,00	312,47	-377,41	12,00	5,65	
1379	1124,00	1678,00	528,94	-377,88	6,00	2,82	
1380	916,00	1678,00	431,06	-377,88	5,00	2,35	
1381	2968,00	1678,00	1396,71	-377,88	5,00	2,35	
1382	621,00	1680,00	292,24	-378,82	15,00	7,06	
1383	972,00	1681,00	457,41	-379,29	6,00	2,82	
1384	626,00	1686,00	294,59	-381,65	15,00	7,06	
1385	1234,00	1686,00	580,71	-381,65	10,00	4,71	
1386	1084,00	1688,00	510,12	-382,59	15,00	7,06	
1387	389,00	1688,00	183,06	-382,59	10,00	4,71	
1388	393,00	1690,00	184,94	-383,53	10,00	4,71	
1389	485,00	1696,00	228,24	-386,35	9,00	4,24	
1390	1173,00	1692,00	552,00	-384,47	9,00	4,24	
1391	1276,00	1691,00	600,47	-384,00	7,00	3,29	
1392	1230,00	1694,00	578,82	-385,41	10,00	4,71	
1393	541,00	1693,00	254,59	-384,94	30,00	14,12	
1394	1205,00	1695,00	567,06	-385,88	5,00	2,35	
1395	441,00	1700,00	207,53	-388,24	7,00	3,29	
1396	2523,00	1699,00	1187,29	-387,76	23,00	10,82	
1397	744,00	1700,00	350,12	-388,24	13,00	6,12	
1398	1199,00	1701,00	564,24	-388,71	7,00	3,29	
1399	2705,00	1703,00	1272,94	-389,65	5,00	2,35	
1400	892,00	1706,00	419,76	-391,06	5,00	2,35	
1401	2534,00	1708,00	1192,47	-392,00	24,00	11,29	
1402	1129,00	1708,00	531,29	-392,00	12,00	5,65	
1403	558,00	1711,00	262,59	-393,41	30,00	14,12	
1404	1013,00	1709,00	476,71	-392,47	5,00	2,35	
1405	1084,00	1708,00	510,12	-392,00	10,00	4,71	
1406	1083,00	1711,00	509,65	-393,41	10,00	4,71	
1407	3045,00	1713,00	1432,94	-394,35	5,00	2,35	
1408	2592,00	1714,00	1219,76	-394,82	24,00	11,29	
1409	1187,00	1714,00	558,59	-394,82	9,00	4,24	
1410	1673,00	1714,00	787,29	-394,82	7,00	3,29	
1411	2710,00	1717,00	1275,29	-396,24	10,00	4,71	
1412	2866,00	1718,00	1348,71	-396,71	14,00	6,59	
1413	741,00	1720,00	348,71	-397,65	8,00	3,76	
1414	1126,00	1717,00	529,88	-396,24	12,00	5,65	
1415	2551,00	1720,00	1200,47	-397,65	23,00	10,82	
1416	2629,00	1720,00	1237,18	-397,65	11,00	5,18	
1417	2554,00	1721,00	1201,88	-398,12	23,00	10,82	
1418	2782,00	1721,00	1309,18	-398,12	6,00	2,82	
1419	1878,00	1722,00	883,76	-398,59	9,00	4,24	
1420	2570,00	1724,00	1209,41	-399,53	25,00	11,76	
1421	2638,00	1726,00	1241,41	-400,47	13,00	6,12	
1422	1122,00	1726,00	528,00	-400,47	12,00	5,65	
1423	1861,00	1726,00	875,76	-400,47	5,00	2,35	
1424	345,00	1728,00	162,35	-401,41	21,00	9,88	
1425	654,00	1727,00	307,76	-400,94	8,00	3,76	
1426	1221,00	1727,00	574,59	-400,94	5,00	2,35	
1427	688,00	1729,00	323,76	-401,88	16,00	7,53	
1428	1217,00	1728,00	572,71	-401,41	5,00	2,35	
1429	624,00	1729,00	293,65	-401,88	8,00	3,76	
1430	2879,00	1729,00	1354,82	-401,88	12,00	5,65	
1431	1082,00	1731,00	509,18	-402,82	11,00	5,18	
1432	1672,00	1730,00	786,82	-402,35	5,00	2,35	
1433	882,00	1733,00	415,06	-403,76	5,00	2,35	
1434	3125,00	1733,00	1470,59	-403,76	9,00	4,24	
1435	3072,00	1734,00	1445,65	-404,24	10,00	4,71	
1436	2882,00	1735,00	1356,24	-404,71	11,00	5,18	
1437	1716,00	1736,00	807,53	-405,18	20,00	9,41	
1438	3111,00	1736,00	1464,00	-405,18	12,00	5,65	
1439	1166,00	1740,00	548,71	-407,06	19,00	8,94	
1440	3024,00	1738,00	1423,06	-406,12	9,00	4,24	
1441	2729,00	1738,00	1284,24	-406,12	9,00	4,24	
1442	3012,00	1738,00	1417,41	-406,12	6,00	2,82	
1443	737,00	1743,00	346,82	-408,47	7,00	3,29	
1444	1084,00	1742,00	510,12	-408,00	12,00	5,65	
1445	2734,00	1739,00	1286,59	-406,59	9,00	4,24	
1446	406,00	1742,00	191,06	-408,00	19,00	8,94	
1447	1102,00	1742,00	518,59	-408,00	7,00	3,29	
1448	1801,00	1746,00	847,53	-409,88	8,00	3,76	
1449	2973,00	1747,00	1399,06	-410,35	18,00	8,47	
1450	2767,00	1750,00	1302,12	-411,76	9,00	4,24	
1451	3104,00	1749,00	1460,71	-411,29	8,00	3,76	
1452	395,00	1751,00	185,88	-412,24	17,00	8,00	
1453	2915,00	1750,00	1371,76	-411,76	9,00	4,24	
1454	3041,00	1750,00	1431,06	-411,76	5,00	2,35	
1455	693,00	1754,00	326,12	-413,65	9,00	4,24	
1456	895,00	1753,00	421,18	-413,18	5,00	2,35	
1457	2670,00	1753,00	1256,47	-413,18	9,00	4,24	
1458	910,00	1756,00	428,24	-414,59	5,00	2,35	
1459	733,00	1757,00	344,94	-415,06	6,00	2,82	
1460	1740,00	1759,00	818,82	-416,00	23,00	10,82	
1461	353,00	1763,00	166,12	-417,88	19,00	8,94	
1462	3071,00	1759,00	1445,18	-416,00	8,00	3,76	
1463	2679,00	1760,00	1260,71	-416,47	9,00	4,24	
1464	2942,00	1760,00	1384,47	-416,47	6,00	2,82	
1465	562,00	1761,00	264,47	-416,94	11,00	5,18	
1466	2761,00	1763,00	1299,29	-417,88	11,00	5,18	
1467	3079,00	1766,00	1448,94	-419,29	10,00	4,71	
1468	2699,00	1767,00	1270,12	-419,76	9,00	4,24	
1469	380,00	1771,00	178,82	-421,65	19,00	8,94	
1470	2695,00	1772,00	1268,24	-422,12	8,00	3,76	
1471	713,00	1777,00	335,53	-424,47	18,00	8,47	
1472	3031,00	1779,00	1426,35	-425,41	13,00	6,12	
1473	2741,00	1782,00	1289,88	-426,82	20,00	9,41	
1474	3016,00	1782,00	1419,29	-426,82	12,00	5,65	
1475	714,00	1788,00	336,00	-429,65	18,00	8,47	
1476	1233,00	1783,00	580,24	-427,29	10,00	4,71	
1477	1047,00	1785,00	492,71	-428,24	5,00	2,35	
1478	1232,00	1785,00	579,76	-428,24	10,00	4,71	
1479	805,00	1788,00	378,82	-429,65	5,00	2,35	
1480	994,00	1791,00	467,76	-431,06	5,00	2,35	
1481	1040,00	1791,00	489,41	-431,06	5,00	2,35	
1482	1104,00	1792,00	519,53	-431,53	13,00	6,12	
1483	995,00	1796,00	468,24	-433,41	5,00	2,35	
1484	1116,00	1804,00	525,18	-437,18	12,00	5,65	
1485	1770,00	1803,00	832,94	-436,71	5,00	2,35	
1486	931,00	1806,00	438,12	-438,12	5,00	2,35	
1487	2751,00	1806,00	1294,59	-438,12	13,00	6,12	
1488	1669,00	1808,00	785,41	-439,06	7,00	3,29	
1489	984,00	1810,00	463,06	-440,00	5,00	2,35	
1490	998,00	1809,00	469,65	-439,53	7,00	3,29	
1491	1192,00	1810,00	560,94	-440,00	38,00	17,88	
1492	1666,00	1826,00	784,00	-447,53	5,00	2,35	
1493	1070,00	1829,00	503,53	-448,94	12,00	5,65	
1494	1025,00	1831,00	482,35	-449,88	7,00	3,29	
1495	1699,00	1834,00	799,53	-451,29	5,00	2,35	
1496	779,00	1834,00	366,59	-451,29	5,00	2,35	
1497	940,00	1834,00	442,35	-451,29	6,00	2,82	
1498	1797,00	1834,00	845,65	-451,29	20,00	9,41	
1499	726,00	1836,00	341,65	-452,24	23,00	10,82	
1500	1117,00	1838,00	525,65	-453,18	9,00	4,24	
1501	1698,00	1838,00	799,06	-453,18	5,00	2,35	
1502	1032,00	1843,00	485,65	-455,53	7,00	3,29	
1503	1738,00	1839,00	817,88	-453,65	8,00	3,76	
1504	942,00	1842,00	443,29	-455,06	6,00	2,82	
1505	1084,00	1841,00	510,12	-454,59	10,00	4,71	
1506	1086,00	1844,00	511,06	-456,00	10,00	4,71	
1507	897,00	1854,00	422,12	-460,71	6,00	2,82	
1508	1821,00	1854,00	856,94	-460,71	14,00	6,59	
1509	1038,00	1859,00	488,47	-463,06	7,00	3,29	
1510	791,00	1861,00	372,24	-464,00	7,00	3,29	
1511	1230,00	1861,00	578,82	-464,00	5,00	2,35	
1512	740,00	1865,00	348,24	-465,88	26,00	12,24	
1513	1823,00	1864,00	857,88	-465,41	15,00	7,06	
1514	921,00	1865,00	433,41	-465,88	7,00	3,29	
1515	1117,00	1866,00	525,65	-466,35	9,00	4,24	
1516	742,00	1869,00	349,18	-467,76	26,00	12,24	
1517	1770,00	1871,00	832,94	-468,71	5,00	2,35	
1518	1825,00	1872,00	858,82	-469,18	14,00	6,59	
1519	813,00	1872,00	382,59	-469,18	7,00	3,29	
1520	931,00	1873,00	438,12	-469,65	7,00	3,29	
1521	1773,00	1877,00	834,35	-471,53	5,00	2,35	
1522	993,00	1876,00	467,29	-471,06	11,00	5,18	
1523	1335,00	1879,00	628,24	-472,47	5,00	2,35	
1524	832,00	1878,00	391,53	-472,00	7,00	3,29	
1525	1606,00	1883,00	755,76	-474,35	5,00	2,35	
1526	1043,00	1882,00	490,82	-473,88	6,00	2,82	
1527	1705,00	1886,00	802,35	-475,76	5,00	2,35	
1528	942,00	1885,00	443,29	-475,29	7,00	3,29	
1529	1056,00	1892,00	496,94	-478,59	8,00	3,76	
1530	1655,00	1891,00	778,82	-478,12	6,00	2,82	
1531	1778,00	1891,00	836,71	-478,12	6,00	2,82	
1532	951,00	1892,00	447,53	-478,59	8,00	3,76	
1533	1108,00	1898,00	521,41	-481,41	9,00	4,24	
1534	1009,00	1900,00	474,82	-482,35	8,00	3,76	
1535	1335,00	1900,00	628,24	-482,35	5,00	2,35	
1536	1703,00	1902,00	801,41	-483,29	5,00	2,35	
1537	1818,00	1902,00	855,53	-483,29	18,00	8,47	
1538	1600,00	1904,00	752,94	-484,24	9,00	4,24	
1539	1739,00	1904,00	818,35	-484,24	21,00	9,88	
1540	1646,00	1909,00	774,59	-486,59	9,00	4,24	
1541	1688,00	1905,00	794,35	-484,71	10,00	4,71	
1542	1607,00	1906,00	756,24	-485,18	8,00	3,76	
1543	1815,00	1911,00	854,12	-487,53	19,00	8,94	
1544	1072,00	1917,00	504,47	-490,35	12,00	5,65	
1545	847,00	1917,00	398,59	-490,35	5,00	2,35	
1546	970,00	1922,00	456,47	-492,71	9,00	4,24	
1547	1099,00	1922,00	517,18	-492,71	12,00	5,65	
1548	867,00	1930,00	408,00	-496,47	5,00	2,35	
1549	881,00	1925,00	414,59	-494,12	5,00	2,35	
1550	1301,00	1925,00	612,24	-494,12	18,00	8,47	
1551	1402,00	1926,00	659,76	-494,59	5,00	2,35	
1552	1304,00	1927,00	613,65	-495,06	18,00	8,47	
1553	1089,00	1929,00	512,47	-496,00	13,00	6,12	
1554	1221,00	1929,00	574,59	-496,00	38,00	17,88	
1555	1814,00	1931,00	853,65	-496,94	17,00	8,00	
1556	988,00	1938,00	464,94	-500,24	10,00	4,71	
1557	1700,00	1941,00	800,00	-501,65	5,00	2,35	
1558	1334,00	1941,00	627,76	-501,65	8,00	3,76	
1559	1629,00	1943,00	766,59	-502,59	6,00	2,82	
1560	792,00	1944,00	372,71	-503,06	33,00	15,53	
1561	1736,00	1944,00	816,94	-503,06	26,00	12,24	
1562	1322,00	1945,00	622,12	-503,53	10,00	4,71	
1563	1803,00	1948,00	848,47	-504,94	13,00	6,12	
1564	1547,00	1952,00	728,00	-506,82	7,00	3,29	
1565	937,00	1954,00	440,94	-507,76	5,00	2,35	
1566	1638,00	1955,00	770,82	-508,24	10,00	4,71	
1567	1683,00	1956,00	792,00	-508,71	8,00	3,76	
1568	995,00	1961,00	468,24	-511,06	11,00	5,18	
1569	1786,00	1960,00	840,47	-510,59	9,00	4,24	
1570	1080,00	1963,00	508,24	-512,00	10,00	4,71	
1571	998,00	1970,00	469,65	-515,29	12,00	5,65	
1572	1145,00	1971,00	538,82	-515,76	19,00	8,94	
1573	1273,00	1970,00	599,06	-515,29	10,00	4,71	
1574	1327,00	1970,00	624,47	-515,29	11,00	5,18	
1575	1330,00	1972,00	625,88	-516,24	11,00	5,18	
1576	819,00	1973,00	385,41	-516,71	22,00	10,35	
1577	1639,00	1973,00	771,29	-516,71	6,00	2,82	
1578	1676,00	1975,00	788,71	-517,65	12,00	5,65	
1579	1445,00	1976,00	680,00	-518,12	27,00	12,71	
1580	1629,00	1977,00	766,59	-518,59	8,00	3,76	
1581	1592,00	1978,00	749,18	-519,06	6,00	2,82	
1582	1034,00	1981,00	486,59	-520,47	11,00	5,18	
1583	1342,00	1985,00	631,53	-522,35	12,00	5,65	
1584	1681,00	1984,00	791,06	-521,88	11,00	5,18	
1585	1747,00	1984,00	822,12	-521,88	7,00	3,29	
1586	1548,00	1985,00	728,47	-522,35	7,00	3,29	
1587	1685,00	1987,00	792,94	-523,29	11,00	5,18	
1588	1537,00	1988,00	723,29	-523,76	9,00	4,24	
1589	1030,00	1992,00	484,71	-525,65	12,00	5,65	
1590	1348,00	1993,00	634,35	-526,12	12,00	5,65	
1591	1586,00	1994,00	746,35	-526,59	6,00	2,82	
1592	920,00	1998,00	432,94	-528,47	5,00	2,35	
1593	1373,00	1998,00	646,12	-528,47	11,00	5,18	
1594	1073,00	2000,00	504,94	-529,41	11,00	5,18	
1595	1301,00	2005,00	612,24	-531,76	5,00	2,35	
1596	926,00	2009,00	435,76	-533,65	5,00	2,35	
1597	1389,00	2009,00	653,65	-533,65	5,00	2,35	
1598	1478,00	2010,00	695,53	-534,12	5,00	2,35	
1599	909,00	2012,00	427,76	-535,06	5,00	2,35	
1600	1143,00	2011,00	537,88	-534,59	10,00	4,71	
1601	1399,00	2013,00	658,35	-535,53	5,00	2,35	
1602	1296,00	2015,00	609,88	-536,47	5,00	2,35	
1603	1074,00	2025,00	505,41	-541,18	8,00	3,76	
1604	1140,00	2026,00	536,47	-541,65	12,00	5,65	
1605	1217,00	2025,00	572,71	-541,18	12,00	5,65	
1606	1640,00	2028,00	771,76	-542,59	11,00	5,18	
1607	1078,00	2029,00	507,29	-543,06	8,00	3,76	
1608	867,00	2030,00	408,00	-543,53	28,00	13,18	
1609	1696,00	2030,00	798,12	-543,53	9,00	4,24	
1610	1363,00	2032,00	641,41	-544,47	6,00	2,82	
1611	1532,00	2032,00	720,94	-544,47	9,00	4,24	
1612	1520,00	2037,00	715,29	-546,82	10,00	4,71	
1613	1353,00	2040,00	636,71	-548,24	5,00	2,35	
1614	1649,00	2038,00	776,00	-547,29	11,00	5,18	
1615	1777,00	2039,00	836,24	-547,76	43,00	20,24	
1616	1195,00	2041,00	562,35	-548,71	5,00	2,35	
1617	1409,00	2047,00	663,06	-551,53	5,00	2,35	
1618	1495,00	2044,00	703,53	-550,12	6,00	2,82	
1619	1486,00	2046,00	699,29	-551,06	6,00	2,82	
1620	1312,00	2047,00	617,41	-551,53	9,00	4,24	
1621	1020,00	2048,00	480,00	-552,00	10,00	4,71	
1622	1325,00	2050,00	623,53	-552,94	10,00	4,71	
1623	1269,00	2052,00	597,18	-553,88	13,00	6,12	
1624	1774,00	2051,00	834,82	-553,41	41,00	19,29	
1625	1567,00	2054,00	737,41	-554,82	6,00	2,82	
1626	1699,00	2055,00	799,53	-555,29	6,00	2,82	
1627	1522,00	2056,00	716,24	-555,76	5,00	2,35	
1628	1474,00	2057,00	693,65	-556,24	7,00	3,29	
1629	1455,00	2060,00	684,71	-557,65	6,00	2,82	
1630	1347,00	2061,00	633,88	-558,12	8,00	3,76	
1631	1485,00	2063,00	698,82	-559,06	5,00	2,35	
1632	1028,00	2063,00	483,76	-559,06	10,00	4,71	
1633	929,00	2066,00	437,18	-560,47	33,00	15,53	
1634	1451,00	2065,00	682,82	-560,00	5,00	2,35	
1635	1699,00	2071,00	799,53	-562,82	5,00	2,35	
1636	1117,00	2071,00	525,65	-562,82	12,00	5,65	
1637	1224,00	2072,00	576,00	-563,29	8,00	3,76	
1638	1188,00	2073,00	559,06	-563,76	5,00	2,35	
1639	1535,00	2073,00	722,35	-563,76	6,00	2,82	
1640	1567,00	2073,00	737,41	-563,76	5,00	2,35	
1641	1141,00	2075,00	536,94	-564,71	7,00	3,29	
1642	1274,00	2075,00	599,53	-564,71	5,00	2,35	
1643	1308,00	2077,00	615,53	-565,65	5,00	2,35	
1644	1539,00	2076,00	724,24	-565,18	6,00	2,82	
1645	1638,00	2078,00	770,82	-566,12	8,00	3,76	
1646	1649,00	2078,00	776,00	-566,12	5,00	2,35	
1647	1039,00	2080,00	488,94	-567,06	6,00	2,82	
1648	1264,00	2081,00	594,82	-567,53	7,00	3,29	
1649	969,00	2081,00	456,00	-567,53	25,00	11,76	
1650	1221,00	2084,00	574,59	-568,94	5,00	2,35	
1651	892,00	2094,00	419,76	-573,65	8,00	3,76	
1652	1457,00	2094,00	685,65	-573,65	5,00	2,35	
1653	1920,00	2098,00	903,53	-575,53	8,00	3,76	
1654	1658,00	2099,00	780,24	-576,00	5,00	2,35	
1655	984,00	2100,00	463,06	-576,47	17,00	8,00	
1656	1191,00	2100,00	560,47	-576,47	5,00	2,35	
1657	1297,00	2101,00	610,35	-576,94	10,00	4,71	
1658	1444,00	2104,00	679,53	-578,35	8,00	3,76	
1659	1975,00	2107,00	929,41	-579,76	10,00	4,71	
1660	1105,00	2108,00	520,00	-580,24	6,00	2,82	
1661	1192,00	2108,00	560,94	-580,24	5,00	2,35	
1662	1943,00	2108,00	914,35	-580,24	13,00	6,12	
1663	1678,00	2111,00	789,65	-581,65	15,00	7,06	
1664	1942,00	2110,00	913,88	-581,18	13,00	6,12	
1665	1940,00	2112,00	912,94	-582,12	13,00	6,12	
1666	1819,00	2115,00	856,00	-583,53	10,00	4,71	
1667	1566,00	2117,00	736,94	-584,47	16,00	7,53	
1668	986,00	2117,00	464,00	-584,47	16,00	7,53	
1669	1749,00	2122,00	823,06	-586,82	5,00	2,35	
1670	1645,00	2120,00	774,12	-585,88	10,00	4,71	
1671	982,00	2125,00	462,12	-588,24	17,00	8,00	
1672	1804,00	2122,00	848,94	-586,82	7,00	3,29	
1673	1810,00	2124,00	851,76	-587,76	8,00	3,76	
1674	1660,00	2126,00	781,18	-588,71	14,00	6,59	
1675	1707,00	2130,00	803,29	-590,59	6,00	2,82	
1676	1878,00	2129,00	883,76	-590,12	33,00	15,53	
1677	1345,00	2135,00	632,94	-592,94	5,00	2,35	
1678	1713,00	2142,00	806,12	-596,24	5,00	2,35	
1679	1024,00	2145,00	481,88	-597,65	6,00	2,82	
1680	1402,00	2144,00	659,76	-597,18	5,00	2,35	
1681	1619,00	2145,00	761,88	-597,65	7,00	3,29	
1682	1438,00	2153,00	676,71	-601,41	5,00	2,35	
1683	1470,00	2158,00	691,76	-603,76	5,00	2,35	
1684	1575,00	2161,00	741,18	-605,18	8,00	3,76	
1685	1829,00	2159,00	860,71	-604,24	5,00	2,35	
1686	1715,00	2164,00	807,06	-606,59	9,00	4,24	
1687	1479,00	2166,00	696,00	-607,53	5,00	2,35	
1688	1512,00	2168,00	711,53	-608,47	5,00	2,35	
1689	1732,00	2172,00	815,06	-610,35	11,00	5,18	
1690	1782,00	2171,00	838,59	-609,88	18,00	8,47	
1691	1220,00	2174,00	574,12	-611,29	6,00	2,82	
1692	1521,00	2173,00	715,76	-610,82	5,00	2,35	
1693	1789,00	2173,00	841,88	-610,82	18,00	8,47	
1694	1802,00	2176,00	848,00	-612,24	19,00	8,94	
1695	1447,00	2178,00	680,94	-613,18	6,00	2,82	
1696	943,00	2179,00	443,76	-613,65	5,00	2,35	
1697	1167,00	2180,00	549,18	-614,12	5,00	2,35	
1698	1617,00	2183,00	760,94	-615,53	11,00	5,18	
1699	975,00	2185,00	458,82	-616,47	27,00	12,71	
1700	1444,00	2184,00	679,53	-616,00	5,00	2,35	
1701	1644,00	2184,00	773,65	-616,00	5,00	2,35	
1702	1988,00	2184,00	935,53	-616,00	50,00	23,53	
1703	1532,00	2189,00	720,94	-618,35	7,00	3,29	
1704	1599,00	2192,00	752,47	-619,76	11,00	5,18	
1705	1208,00	2193,00	568,47	-620,24	7,00	3,29	
1706	1855,00	2192,00	872,94	-619,76	10,00	4,71	
1707	1422,00	2194,00	669,18	-620,71	5,00	2,35	
1708	1685,00	2197,00	792,94	-622,12	8,00	3,76	
1709	1325,00	2199,00	623,53	-623,06	6,00	2,82	
1710	1313,00	2199,00	617,88	-623,06	7,00	3,29	
1711	1643,00	2200,00	773,18	-623,53	5,00	2,35	
1712	1578,00	2205,00	742,59	-625,88	7,00	3,29	
1713	1926,00	2204,00	906,35	-625,41	7,00	3,29	
1714	1301,00	2204,00	612,24	-625,41	5,00	2,35	
1715	1639,00	2208,00	771,29	-627,29	5,00	2,35	
1716	1538,00	2210,00	723,76	-628,24	5,00	2,35	
1717	1678,00	2211,00	789,65	-628,71	5,00	2,35	
1718	2433,00	2216,00	1144,94	-631,06	11,00	5,18	
1719	1280,00	2218,00	602,35	-632,00	5,00	2,35	
1720	2401,00	2218,00	1129,88	-632,00	7,00	3,29	
1721	1766,00	2219,00	831,06	-632,47	16,00	7,53	
1722	1794,00	2220,00	844,24	-632,94	5,00	2,35	
1723	1109,00	2226,00	521,88	-635,76	5,00	2,35	
1724	1181,00	2227,00	555,76	-636,24	7,00	3,29	
1725	1602,00	2230,00	753,88	-637,65	12,00	5,65	
1726	972,00	2230,00	457,41	-637,65	8,00	3,76	
1727	1057,00	2229,00	497,41	-637,18	8,00	3,76	
1728	1223,00	2230,00	575,53	-637,65	5,00	2,35	
1729	1172,00	2237,00	551,53	-640,94	8,00	3,76	
1730	1409,00	2240,00	663,06	-642,35	10,00	4,71	
1731	1683,00	2239,00	792,00	-641,88	17,00	8,00	
1732	1270,00	2242,00	597,65	-643,29	5,00	2,35	
1733	1734,00	2241,00	816,00	-642,82	13,00	6,12	
1734	1866,00	2241,00	878,12	-642,82	9,00	4,24	
1735	1895,00	2243,00	891,76	-643,76	9,00	4,24	
1736	976,00	2244,00	459,29	-644,24	10,00	4,71	
1737	1801,00	2245,00	847,53	-644,71	9,00	4,24	
1738	1939,00	2244,00	912,47	-644,24	7,00	3,29	
1739	2437,00	2247,00	1146,82	-645,65	13,00	6,12	
1740	1906,00	2248,00	896,94	-646,12	5,00	2,35	
1741	935,00	2250,00	440,00	-647,06	15,00	7,06	
1742	982,00	2249,00	462,12	-646,59	12,00	5,65	
1743	1278,00	2259,00	601,41	-651,29	7,00	3,29	
1744	1552,00	2261,00	730,35	-652,24	16,00	7,53	
1745	1121,00	2261,00	527,53	-652,24	9,00	4,24	
1746	1941,00	2261,00	913,41	-652,24	5,00	2,35	
1747	1217,00	2262,00	572,71	-652,71	7,00	3,29	
1748	1945,00	2262,00	915,29	-652,71	5,00	2,35	
1749	1230,00	2264,00	578,82	-653,65	7,00	3,29	
1750	1022,00	2267,00	480,94	-655,06	6,00	2,82	
1751	1899,00	2266,00	893,65	-654,59	7,00	3,29	
1752	913,00	2267,00	429,65	-655,06	5,00	2,35	
1753	1559,00	2267,00	733,65	-655,06	15,00	7,06	
1754	1154,00	2272,00	543,06	-657,41	5,00	2,35	
1755	2439,00	2275,00	1147,76	-658,82	8,00	3,76	
1756	917,00	2273,00	431,53	-657,88	5,00	2,35	
1757	1281,00	2277,00	602,82	-659,76	9,00	4,24	
1758	1839,00	2277,00	865,41	-659,76	9,00	4,24	
1759	1822,00	2280,00	857,41	-661,18	6,00	2,82	
1760	1905,00	2280,00	896,47	-661,18	6,00	2,82	
1761	1633,00	2283,00	768,47	-662,59	20,00	9,41	
1762	1119,00	2284,00	526,59	-663,06	7,00	3,29	
1763	1156,00	2288,00	544,00	-664,94	7,00	3,29	
1764	1476,00	2285,00	694,59	-663,53	5,00	2,35	
1765	933,00	2286,00	439,06	-664,00	6,00	2,82	
1766	1952,00	2285,00	918,59	-663,53	9,00	4,24	
1767	1978,00	2286,00	930,82	-664,00	6,00	2,82	
1768	944,00	2289,00	444,24	-665,41	6,00	2,82	
1769	1109,00	2289,00	521,88	-665,41	5,00	2,35	
1770	1290,00	2289,00	607,06	-665,41	5,00	2,35	
1771	1967,00	2289,00	925,65	-665,41	5,00	2,35	
1772	2438,00	2290,00	1147,29	-665,88	5,00	2,35	
1773	1675,00	2291,00	788,24	-666,35	5,00	2,35	
1774	1122,00	2292,00	528,00	-666,82	7,00	3,29	
1775	929,00	2294,00	437,18	-667,76	6,00	2,82	
1776	1036,00	2296,00	487,53	-668,71	7,00	3,29	
1777	1237,00	2298,00	582,12	-669,65	8,00	3,76	
1778	1694,00	2297,00	797,18	-669,18	5,00	2,35	
1779	1120,00	2302,00	527,06	-671,53	7,00	3,29	
1780	2430,00	2303,00	1143,53	-672,00	5,00	2,35	
1781	1046,00	2308,00	492,24	-674,35	10,00	4,71	
1782	1176,00	2307,00	553,41	-673,88	6,00	2,82	
1783	1002,00	2309,00	471,53	-674,82	14,00	6,59	
1784	1281,00	2308,00	602,82	-674,35	9,00	4,24	
1785	1554,00	2313,00	731,29	-676,71	10,00	4,71	
1786	1230,00	2314,00	578,82	-677,18	11,00	5,18	
1787	1544,00	2318,00	726,59	-679,06	12,00	5,65	
1788	1542,00	2321,00	725,65	-680,47	12,00	5,65	
1789	1378,00	2321,00	648,47	-680,47	5,00	2,35	
1790	1952,00	2323,00	918,59	-681,41	13,00	6,12	
1791	2218,00	2323,00	1043,76	-681,41	5,00	2,35	
1792	1775,00	2324,00	835,29	-681,88	49,00	23,06	
1793	1780,00	2326,00	837,65	-682,82	49,00	23,06	
1794	1861,00	2328,00	875,76	-683,76	12,00	5,65	
1795	914,00	2331,00	430,12	-685,18	16,00	7,53	
1796	1188,00	2333,00	559,06	-686,12	5,00	2,35	
1797	1603,00	2333,00	754,35	-686,12	10,00	4,71	
1798	1003,00	2334,00	472,00	-686,59	11,00	5,18	
1799	1281,00	2334,00	602,82	-686,59	5,00	2,35	
1800	901,00	2338,00	424,00	-688,47	14,00	6,59	
1801	1964,00	2335,00	924,24	-687,06	9,00	4,24	
1802	2006,00	2339,00	944,00	-688,94	10,00	4,71	
1803	2192,00	2340,00	1031,53	-689,41	11,00	5,18	
1804	870,00	2341,00	409,41	-689,88	8,00	3,76	
1805	860,00	2343,00	404,71	-690,82	7,00	3,29	
1806	844,00	2346,00	397,18	-692,24	12,00	5,65	
1807	1087,00	2349,00	511,53	-693,65	8,00	3,76	
1808	1453,00	2349,00	683,76	-693,65	5,00	2,35	
1809	979,00	2353,00	460,71	-695,53	7,00	3,29	
1810	1360,00	2357,00	640,00	-697,41	14,00	6,59	
1811	2177,00	2356,00	1024,47	-696,94	17,00	8,00	
1812	1376,00	2357,00	647,53	-697,41	14,00	6,59	
1813	1557,00	2363,00	732,71	-700,24	17,00	8,00	
1814	2217,00	2363,00	1043,29	-700,24	11,00	5,18	
1815	1484,00	2367,00	698,35	-702,12	5,00	2,35	
1816	1033,00	2368,00	486,12	-702,59	34,00	16,00	
1817	1849,00	2368,00	870,12	-702,59	8,00	3,76	
1818	2053,00	2368,00	966,12	-702,59	8,00	3,76	
1819	824,00	2371,00	387,76	-704,00	16,00	7,53	
1820	1255,00	2369,00	590,59	-703,06	24,00	11,29	
1821	1320,00	2369,00	621,18	-703,06	5,00	2,35	
1822	1455,00	2370,00	684,71	-703,53	10,00	4,71	
1823	2042,00	2370,00	960,94	-703,53	6,00	2,82	
1824	1034,00	2370,00	486,59	-703,53	34,00	16,00	
1825	1214,00	2373,00	571,29	-704,94	32,00	15,06	
1826	2113,00	2372,00	994,35	-704,47	26,00	12,24	
1827	1451,00	2373,00	682,82	-704,94	10,00	4,71	
1828	2039,00	2373,00	959,53	-704,94	6,00	2,82	
1829	960,00	2379,00	451,76	-707,76	14,00	6,59	
1830	1468,00	2379,00	690,82	-707,76	9,00	4,24	
1831	2032,00	2379,00	956,24	-707,76	5,00	2,35	
1832	1569,00	2384,00	738,35	-710,12	13,00	6,12	
1833	2136,00	2385,00	1005,18	-710,59	33,00	15,53	
1834	886,00	2387,00	416,94	-711,53	22,00	10,35	
1835	1774,00	2386,00	834,82	-711,06	5,00	2,35	
1836	882,00	2389,00	415,06	-712,47	22,00	10,35	
1837	899,00	2390,00	423,06	-712,94	21,00	9,88	
1838	1045,00	2392,00	491,76	-713,88	42,00	19,76	
1839	1872,00	2390,00	880,94	-712,94	11,00	5,18	
1840	1587,00	2392,00	746,82	-713,88	12,00	5,65	
1841	837,00	2393,00	393,88	-714,35	8,00	3,76	
1842	871,00	2392,00	409,88	-713,88	21,00	9,88	
1843	1188,00	2394,00	559,06	-714,82	40,00	18,82	
1844	1181,00	2397,00	555,76	-716,24	40,00	18,82	
1845	1370,00	2397,00	644,71	-716,24	6,00	2,82	
1846	1862,00	2398,00	876,24	-716,71	13,00	6,12	
1847	1419,00	2401,00	667,76	-718,12	7,00	3,29	
1848	1743,00	2402,00	820,24	-718,59	8,00	3,76	
1849	1731,00	2405,00	814,59	-720,00	11,00	5,18	
1850	914,00	2406,00	430,12	-720,47	15,00	7,06	
1851	1416,00	2407,00	666,35	-720,94	6,00	2,82	
1852	1160,00	2407,00	545,88	-720,94	48,00	22,59	
1853	1668,00	2407,00	784,94	-720,94	36,00	16,94	
1854	2038,00	2407,00	959,06	-720,94	12,00	5,65	
1855	917,00	2408,00	431,53	-721,41	15,00	7,06	
1856	2050,00	2409,00	964,71	-721,88	11,00	5,18	
1857	2026,00	2410,00	953,41	-722,35	10,00	4,71	
1858	2061,00	2412,00	969,88	-723,29	10,00	4,71	
1859	1753,00	2414,00	824,94	-724,24	6,00	2,82	
1860	1417,00	2418,00	666,82	-726,12	6,00	2,82	
1861	1402,00	2423,00	659,76	-728,47	5,00	2,35	
1862	1083,00	2424,00	509,65	-728,94	10,00	4,71	
1863	1655,00	2428,00	778,82	-730,82	32,00	15,06	
1864	2259,00	2428,00	1063,06	-730,82	9,00	4,24	
1865	2236,00	2431,00	1052,24	-732,24	13,00	6,12	
1866	1708,00	2431,00	803,76	-732,24	7,00	3,29	
1867	1400,00	2434,00	658,82	-733,65	8,00	3,76	
1868	1864,00	2438,00	877,18	-735,53	8,00	3,76	
1869	1933,00	2441,00	909,65	-736,94	43,00	20,24	
1870	1409,00	2445,00	663,06	-738,82	8,00	3,76	
1871	885,00	2448,00	416,47	-740,24	13,00	6,12	
1872	1751,00	2453,00	824,00	-742,59	18,00	8,47	
1873	1159,00	2452,00	545,41	-742,12	36,00	16,94	
1874	1415,00	2452,00	665,88	-742,12	8,00	3,76	
1875	2099,00	2452,00	987,76	-742,12	5,00	2,35	
1876	2082,00	2453,00	979,76	-742,59	9,00	4,24	
1877	890,00	2454,00	418,82	-743,06	13,00	6,12	
1878	1016,00	2458,00	478,12	-744,94	50,00	23,53	
1879	1459,00	2459,00	686,59	-745,41	7,00	3,29	
1880	2225,00	2458,00	1047,06	-744,94	5,00	2,35	
1881	1637,00	2459,00	770,35	-745,41	38,00	17,88	
1882	2021,00	2459,00	951,06	-745,41	18,00	8,47	
1883	1411,00	2461,00	664,00	-746,35	8,00	3,76	
1884	1706,00	2462,00	802,82	-746,82	5,00	2,35	
1885	2241,00	2465,00	1054,59	-748,24	6,00	2,82	
1886	2238,00	2466,00	1053,18	-748,71	6,00	2,82	
1887	2233,00	2469,00	1050,82	-750,12	7,00	3,29	
1888	2248,00	2469,00	1057,88	-750,12	5,00	2,35	
1889	1745,00	2470,00	821,18	-750,59	16,00	7,53	
1890	2194,00	2472,00	1032,47	-751,53	17,00	8,00	
1891	1420,00	2472,00	668,24	-751,53	8,00	3,76	
1892	909,00	2473,00	427,76	-752,00	15,00	7,06	
1893	1484,00	2473,00	698,35	-752,00	5,00	2,35	
1894	1740,00	2476,00	818,82	-753,41	16,00	7,53	
1895	2188,00	2478,00	1029,65	-754,35	17,00	8,00	
1896	917,00	2478,00	431,53	-754,35	16,00	7,53	
1897	1417,00	2478,00	666,82	-754,35	7,00	3,29	
1898	1114,00	2480,00	524,24	-755,29	6,00	2,82	
1899	1727,00	2481,00	812,71	-755,76	12,00	5,65	
1900	1994,00	2486,00	938,35	-758,12	17,00	8,00	
1901	2129,00	2486,00	1001,88	-758,12	26,00	12,24	
1902	2211,00	2487,00	1040,47	-758,59	6,00	2,82	
1903	2165,00	2488,00	1018,82	-759,06	8,00	3,76	
1904	1827,00	2493,00	859,76	-761,41	39,00	18,35	
1905	1987,00	2492,00	935,06	-760,94	18,00	8,47	
1906	2048,00	2491,00	963,76	-760,47	5,00	2,35	
1907	951,00	2493,00	447,53	-761,41	5,00	2,35	
1908	1686,00	2495,00	793,41	-762,35	5,00	2,35	
1909	965,00	2501,00	454,12	-765,18	5,00	2,35	
1910	2246,00	2499,00	1056,94	-764,24	6,00	2,82	
1911	2037,00	2500,00	958,59	-764,71	5,00	2,35	
1912	1822,00	2502,00	857,41	-765,65	39,00	18,35	
1913	1143,00	2505,00	537,88	-767,06	5,00	2,35	
1914	1701,00	2503,00	800,47	-766,12	5,00	2,35	
1915	1947,00	2503,00	916,24	-766,12	7,00	3,29	
1916	1102,00	2505,00	518,59	-767,06	11,00	5,18	
1917	1962,00	2507,00	923,29	-768,00	9,00	4,24	
1918	2094,00	2507,00	985,41	-768,00	5,00	2,35	
1919	1458,00	2509,00	686,12	-768,94	10,00	4,71	
1920	1213,00	2512,00	570,82	-770,35	8,00	3,76	
1921	1695,00	2514,00	797,65	-771,29	5,00	2,35	
1922	1934,00	2516,00	910,12	-772,24	10,00	4,71	
1923	2186,00	2518,00	1028,71	-773,18	5,00	2,35	
1924	1050,00	2520,00	494,12	-774,12	9,00	4,24	
1925	1462,00	2520,00	688,00	-774,12	9,00	4,24	
1926	1207,00	2520,00	568,00	-774,12	9,00	4,24	
1927	1568,00	2523,00	737,88	-775,53	7,00	3,29	
1928	1417,00	2521,00	666,82	-774,59	5,00	2,35	
1929	1887,00	2524,00	888,00	-776,00	8,00	3,76	
1930	1485,00	2526,00	698,82	-776,94	5,00	2,35	
1931	1447,00	2530,00	680,94	-778,82	5,00	2,35	
1932	1886,00	2529,00	887,53	-778,35	8,00	3,76	
1933	1921,00	2530,00	904,00	-778,82	11,00	5,18	
1934	1512,00	2532,00	711,53	-779,76	16,00	7,53	
1935	1685,00	2536,00	792,94	-781,65	11,00	5,18	
1936	2132,00	2540,00	1003,29	-783,53	6,00	2,82	
1937	1167,00	2541,00	549,18	-784,00	6,00	2,82	
1938	1415,00	2542,00	665,88	-784,47	5,00	2,35	
1939	1877,00	2542,00	883,29	-784,47	11,00	5,18	
1940	2147,00	2542,00	1010,35	-784,47	7,00	3,29	
1941	1569,00	2546,00	738,35	-786,35	5,00	2,35	
1942	1173,00	2547,00	552,00	-786,82	6,00	2,82	
1943	2205,00	2549,00	1037,65	-787,76	5,00	2,35	
1944	1430,00	2548,00	672,94	-787,29	8,00	3,76	
1945	2140,00	2548,00	1007,06	-787,29	9,00	4,24	
1946	1959,00	2549,00	921,88	-787,76	7,00	3,29	
1947	1138,00	2553,00	535,53	-789,65	17,00	8,00	
1948	1991,00	2555,00	936,94	-790,59	5,00	2,35	
1949	1092,00	2557,00	513,88	-791,53	10,00	4,71	
1950	2179,00	2562,00	1025,41	-793,88	9,00	4,24	
1951	1942,00	2564,00	913,88	-794,82	12,00	5,65	
1952	1678,00	2569,00	789,65	-797,18	17,00	8,00	
1953	2193,00	2569,00	1032,00	-797,18	11,00	5,18	
1954	1676,00	2570,00	788,71	-797,65	17,00	8,00	
1955	1971,00	2570,00	927,53	-797,65	5,00	2,35	
1956	1660,00	2573,00	781,18	-799,06	20,00	9,41	
1957	2192,00	2577,00	1031,53	-800,94	11,00	5,18	
1958	1974,00	2578,00	928,94	-801,41	5,00	2,35	
1959	1511,00	2578,00	711,06	-801,41	26,00	12,24	
1960	1698,00	2580,00	799,06	-802,35	6,00	2,82	
1961	1714,00	2583,00	806,59	-803,76	10,00	4,71	
1962	1914,00	2587,00	900,71	-805,65	21,00	9,88	
1963	1054,00	2589,00	496,00	-806,59	25,00	11,76	
1964	1051,00	2591,00	494,59	-807,53	25,00	11,76	
1965	1049,00	2592,00	493,65	-808,00	25,00	11,76	
1966	1047,00	2593,00	492,71	-808,47	25,00	11,76	
1967	1576,00	2596,00	741,65	-809,88	28,00	13,18	
1968	2156,00	2597,00	1014,59	-810,35	5,00	2,35	
1969	2181,00	2597,00	1026,35	-810,35	12,00	5,65	
1970	1956,00	2598,00	920,47	-810,82	6,00	2,82	
1971	1987,00	2598,00	935,06	-810,82	5,00	2,35	
1972	1520,00	2600,00	715,29	-811,76	24,00	11,29	
1973	1029,00	2602,00	484,24	-812,71	32,00	15,06	
1974	1122,00	2603,00	528,00	-813,18	6,00	2,82	
1975	1423,00	2604,00	669,65	-813,65	23,00	10,82	
1976	1562,00	2606,00	735,06	-814,59	29,00	13,65	
1977	1664,00	2606,00	783,06	-814,59	9,00	4,24	
1978	1117,00	2609,00	525,65	-816,00	6,00	2,82	
1979	1425,00	2609,00	670,59	-816,00	22,00	10,35	
1980	1681,00	2610,00	791,06	-816,47	9,00	4,24	
1981	1116,00	2613,00	525,18	-817,88	6,00	2,82	
1982	1620,00	2616,00	762,35	-819,29	6,00	2,82	
1983	2166,00	2615,00	1019,29	-818,82	5,00	2,35	
1984	2735,00	2615,00	1287,06	-818,82	8,00	3,76	
1985	1426,00	2616,00	671,06	-819,29	22,00	10,35	
1986	1188,00	2617,00	559,06	-819,76	37,00	17,41	
1987	2011,00	2619,00	946,35	-820,71	5,00	2,35	
1988	1238,00	2621,00	582,59	-821,65	5,00	2,35	
1989	1483,00	2622,00	697,88	-822,12	17,00	8,00	
1990	2013,00	2622,00	947,29	-822,12	5,00	2,35	
1991	1481,00	2624,00	696,94	-823,06	17,00	8,00	
1992	1467,00	2628,00	690,35	-824,94	17,00	8,00	
1993	1876,00	2632,00	882,82	-826,82	18,00	8,47	
1994	2753,00	2629,00	1295,53	-825,41	5,00	2,35	
1995	1461,00	2631,00	687,53	-826,35	17,00	8,00	
1996	2119,00	2632,00	997,18	-826,82	5,00	2,35	
1997	1456,00	2634,00	685,18	-827,76	17,00	8,00	
1998	2120,00	2635,00	997,65	-828,24	5,00	2,35	
1999	2133,00	2637,00	1003,76	-829,18	5,00	2,35	
2000	2155,00	2636,00	1014,12	-828,71	5,00	2,35	
2001	1446,00	2637,00	680,47	-829,18	19,00	8,94	
2002	1869,00	2640,00	879,53	-830,59	17,00	8,00	
2003	2755,00	2641,00	1296,47	-831,06	7,00	3,29	
2004	1224,00	2643,00	576,00	-832,00	5,00	2,35	
2005	1090,00	2644,00	512,94	-832,47	19,00	8,94	
2006	1603,00	2646,00	754,35	-833,41	12,00	5,65	
2007	1986,00	2649,00	934,59	-834,82	7,00	3,29	
2008	1040,00	2646,00	489,41	-833,41	27,00	12,71	
2009	1082,00	2647,00	509,18	-833,88	18,00	8,47	
2010	1505,00	2651,00	708,24	-835,76	8,00	3,76	
2011	2104,00	2652,00	990,12	-836,24	7,00	3,29	
2012	1593,00	2652,00	749,65	-836,24	11,00	5,18	
2013	1574,00	2654,00	740,71	-837,18	10,00	4,71	
2014	1500,00	2655,00	705,88	-837,65	8,00	3,76	
2015	1499,00	2657,00	705,41	-838,59	8,00	3,76	
2016	1480,00	2665,00	696,47	-842,35	15,00	7,06	
2017	1914,00	2670,00	900,71	-844,71	8,00	3,76	
2018	1911,00	2673,00	899,29	-846,12	8,00	3,76	
2019	1066,00	2681,00	501,65	-849,88	5,00	2,35	
2020	1043,00	2682,00	490,82	-850,35	5,00	2,35	
2021	1946,00	2683,00	915,76	-850,82	7,00	3,29	
2022	1056,00	2685,00	496,94	-851,76	5,00	2,35	
2023	1986,00	2688,00	934,59	-853,18	5,00	2,35	
2024	2020,00	2686,00	950,59	-852,24	5,00	2,35	
2025	2015,00	2689,00	948,24	-853,65	5,00	2,35	
2026	1880,00	2704,00	884,71	-860,71	26,00	12,24	
2027	1994,00	2699,00	938,35	-858,35	5,00	2,35	
2028	2052,00	2707,00	965,65	-862,12	5,00	2,35	
2029	2050,00	2713,00	964,71	-864,94	5,00	2,35	
2030	2052,00	2719,00	965,65	-867,76	5,00	2,35	
2031	2883,00	2730,00	1356,71	-872,94	6,00	2,82	
2032	1942,00	2734,00	913,88	-874,82	14,00	6,59	
2033	2886,00	2735,00	1358,12	-875,29	6,00	2,82	
2034	2893,00	2744,00	1361,41	-879,53	6,00	2,82	
2035	1937,00	2747,00	911,53	-880,94	15,00	7,06	
2036	2894,00	2748,00	1361,88	-881,41	6,00	2,82	
2037	1918,00	2749,00	902,59	-881,88	9,00	4,24	
2038	1866,00	2762,00	878,12	-888,00	9,00	4,24	
2039	1875,00	2779,00	882,35	-896,00	15,00	7,06	
2040	1913,00	2786,00	900,24	-899,29	9,00	4,24	

