Circle #	Center X	Center Y	Center X (µm)	Center Y (µm)	Radius	Radius (µm)	
1	3875,00	58,00	1823,53	384,47	24,00	11,29	
2	1948,00	226,00	916,71	305,41	5,00	2,35	
3	1974,00	234,00	928,94	301,65	11,00	5,18	
4	1995,00	242,00	938,82	297,88	5,00	2,35	
5	1940,00	253,00	912,94	292,71	9,00	4,24	
6	2007,00	257,00	944,47	290,82	5,00	2,35	
7	1930,00	285,00	908,24	277,65	6,00	2,82	
8	1964,00	284,00	924,24	278,12	5,00	2,35	
9	2002,00	287,00	942,12	276,71	6,00	2,82	
10	1947,00	289,00	916,24	275,76	7,00	3,29	
11	1986,00	293,00	934,59	273,88	7,00	3,29	
12	1937,00	313,00	911,53	264,47	9,00	4,24	
13	1978,00	315,00	930,82	263,53	8,00	3,76	
14	2145,00	323,00	1009,41	259,76	7,00	3,29	
15	2017,00	332,00	949,18	255,53	5,00	2,35	
16	2075,00	333,00	976,47	255,06	21,00	9,88	
17	1990,00	335,00	936,47	254,12	6,00	2,82	
18	2029,00	335,00	954,82	254,12	5,00	2,35	
19	1966,00	338,00	925,18	252,71	5,00	2,35	
20	2113,00	336,00	994,35	253,65	7,00	3,29	
21	2159,00	343,00	1016,00	250,35	11,00	5,18	
22	2050,00	345,00	964,71	249,41	7,00	3,29	
23	1947,00	347,00	916,24	248,47	11,00	5,18	
24	2128,00	355,00	1001,41	244,71	5,00	2,35	
25	2157,00	355,00	1015,06	244,71	12,00	5,65	
26	1995,00	361,00	938,82	241,88	8,00	3,76	
27	2028,00	366,00	954,35	239,53	7,00	3,29	
28	2019,00	370,00	950,12	237,65	5,00	2,35	
29	2070,00	373,00	974,12	236,24	5,00	2,35	
30	2066,00	375,00	972,24	235,29	5,00	2,35	
31	2169,00	379,00	1020,71	233,41	5,00	2,35	
32	2004,00	380,00	943,06	232,94	5,00	2,35	
33	1987,00	382,00	935,06	232,00	10,00	4,71	
34	2148,00	384,00	1010,82	231,06	5,00	2,35	
35	1984,00	389,00	933,65	228,71	10,00	4,71	
36	1978,00	391,00	930,82	227,76	10,00	4,71	
37	2014,00	397,00	947,76	224,94	5,00	2,35	
38	2074,00	397,00	976,00	224,94	10,00	4,71	
39	3747,00	400,00	1763,29	223,53	5,00	2,35	
40	3668,00	400,00	1726,12	223,53	5,00	2,35	
41	3655,00	402,00	1720,00	222,59	5,00	2,35	
42	2042,00	403,00	960,94	222,12	7,00	3,29	
43	3625,00	403,00	1705,88	222,12	6,00	2,82	
44	3701,00	404,00	1741,65	221,65	6,00	2,82	
45	3709,00	403,00	1745,41	222,12	5,00	2,35	
46	3669,00	404,00	1726,59	221,65	5,00	2,35	
47	2110,00	405,00	992,94	221,18	17,00	8,00	
48	3516,00	405,00	1654,59	221,18	5,00	2,35	
49	3596,00	406,00	1692,24	220,71	7,00	3,29	
50	3608,00	405,00	1697,88	221,18	7,00	3,29	
51	3641,00	405,00	1713,41	221,18	9,00	4,24	
52	2055,00	407,00	967,06	220,24	9,00	4,24	
53	3555,00	407,00	1672,94	220,24	8,00	3,76	
54	3570,00	407,00	1680,00	220,24	8,00	3,76	
55	3499,00	408,00	1646,59	219,76	7,00	3,29	
56	3533,00	408,00	1662,59	219,76	8,00	3,76	
57	3388,00	410,00	1594,35	218,82	5,00	2,35	
58	3477,00	410,00	1636,24	218,82	8,00	3,76	
59	3452,00	411,00	1624,47	218,35	9,00	4,24	
60	3366,00	412,00	1584,00	217,88	5,00	2,35	
61	3414,00	414,00	1606,59	216,94	5,00	2,35	
62	3445,00	412,00	1621,18	217,88	9,00	4,24	
63	3372,00	415,00	1586,82	216,47	5,00	2,35	
64	1986,00	417,00	934,59	215,53	7,00	3,29	
65	1964,00	421,00	924,24	213,65	7,00	3,29	
66	2068,00	424,00	973,18	212,24	5,00	2,35	
67	2055,00	426,00	967,06	211,29	8,00	3,76	
68	1960,00	428,00	922,35	210,35	6,00	2,82	
69	2009,00	428,00	945,41	210,35	5,00	2,35	
70	2203,00	431,00	1036,71	208,94	11,00	5,18	
71	2050,00	436,00	964,71	206,59	7,00	3,29	
72	2235,00	434,00	1051,76	207,53	14,00	6,59	
73	2002,00	439,00	942,12	205,18	5,00	2,35	
74	1950,00	444,00	917,65	202,82	9,00	4,24	
75	2075,00	441,00	976,47	204,24	5,00	2,35	
76	2046,00	450,00	962,82	200,00	5,00	2,35	
77	2027,00	452,00	953,88	199,06	7,00	3,29	
78	2219,00	456,00	1044,24	197,18	5,00	2,35	
79	2126,00	459,00	1000,47	195,76	44,00	20,71	
80	2000,00	461,00	941,18	194,82	11,00	5,18	
81	2268,00	460,00	1067,29	195,29	8,00	3,76	
82	1984,00	461,00	933,65	194,82	8,00	3,76	
83	2233,00	464,00	1050,82	193,41	7,00	3,29	
84	2277,00	466,00	1071,53	192,47	6,00	2,82	
85	1976,00	468,00	929,88	191,53	11,00	5,18	
86	2211,00	468,00	1040,47	191,53	5,00	2,35	
87	1941,00	469,00	913,41	191,06	5,00	2,35	
88	2245,00	471,00	1056,47	190,12	5,00	2,35	
89	1959,00	475,00	921,88	188,24	8,00	3,76	
90	2186,00	475,00	1028,71	188,24	8,00	3,76	
91	2203,00	489,00	1036,71	181,65	10,00	4,71	
92	2208,00	495,00	1039,06	178,82	10,00	4,71	
93	2327,00	492,00	1095,06	180,24	5,00	2,35	
94	2006,00	494,00	944,00	179,29	6,00	2,82	
95	2334,00	495,00	1098,35	178,82	5,00	2,35	
96	2345,00	503,00	1103,53	175,06	8,00	3,76	
97	1994,00	505,00	938,35	174,12	12,00	5,65	
98	1984,00	507,00	933,65	173,18	10,00	4,71	
99	2168,00	514,00	1020,24	169,88	6,00	2,82	
100	2284,00	529,00	1074,82	162,82	33,00	15,53	
101	2347,00	529,00	1104,47	162,82	8,00	3,76	
102	2268,00	530,00	1067,29	162,35	33,00	15,53	
103	2559,00	530,00	1204,24	162,35	6,00	2,82	
104	2058,00	532,00	968,47	161,41	25,00	11,76	
105	2050,00	536,00	964,71	159,53	24,00	11,29	
106	2131,00	551,00	1002,82	152,47	5,00	2,35	
107	2599,00	551,00	1223,06	152,47	6,00	2,82	
108	2090,00	555,00	983,53	150,59	5,00	2,35	
109	2606,00	555,00	1226,35	150,59	5,00	2,35	
110	2569,00	556,00	1208,94	150,12	11,00	5,18	
111	2551,00	558,00	1200,47	149,18	15,00	7,06	
112	2106,00	561,00	991,06	147,76	5,00	2,35	
113	2173,00	562,00	1022,59	147,29	9,00	4,24	
114	1675,00	565,00	788,24	145,88	5,00	2,35	
115	2182,00	565,00	1026,82	145,88	8,00	3,76	
116	2549,00	565,00	1199,53	145,88	14,00	6,59	
117	2151,00	567,00	1012,24	144,94	5,00	2,35	
118	2582,00	568,00	1215,06	144,47	9,00	4,24	
119	1701,00	569,00	800,47	144,00	7,00	3,29	
120	2214,00	571,00	1041,88	143,06	5,00	2,35	
121	2597,00	570,00	1222,12	143,53	5,00	2,35	
122	2188,00	572,00	1029,65	142,59	5,00	2,35	
123	1699,00	573,00	799,53	142,12	7,00	3,29	
124	2545,00	573,00	1197,65	142,12	13,00	6,12	
125	2126,00	574,00	1000,47	141,65	7,00	3,29	
126	2592,00	575,00	1219,76	141,18	5,00	2,35	
127	2532,00	576,00	1191,53	140,71	8,00	3,76	
128	2614,00	576,00	1230,12	140,71	8,00	3,76	
129	1651,00	578,00	776,94	139,76	6,00	2,82	
130	2042,00	579,00	960,94	139,29	19,00	8,94	
131	1658,00	582,00	780,24	137,88	5,00	2,35	
132	2188,00	583,00	1029,65	137,41	5,00	2,35	
133	2501,00	582,00	1176,94	137,88	9,00	4,24	
134	1686,00	584,00	793,41	136,94	8,00	3,76	
135	1668,00	585,00	784,94	136,47	5,00	2,35	
136	2102,00	585,00	989,18	136,47	8,00	3,76	
137	2161,00	586,00	1016,94	136,00	10,00	4,71	
138	2561,00	586,00	1205,18	136,00	5,00	2,35	
139	2123,00	587,00	999,06	135,53	6,00	2,82	
140	1942,00	588,00	913,88	135,06	5,00	2,35	
141	2173,00	588,00	1022,59	135,06	9,00	4,24	
142	2625,00	589,00	1235,29	134,59	5,00	2,35	
143	2479,00	592,00	1166,59	133,18	7,00	3,29	
144	2514,00	597,00	1183,06	130,82	5,00	2,35	
145	2309,00	596,00	1086,59	131,29	5,00	2,35	
146	2190,00	604,00	1030,59	127,53	5,00	2,35	
147	1956,00	599,00	920,47	129,88	10,00	4,71	
148	2263,00	599,00	1064,94	129,88	31,00	14,59	
149	2539,00	599,00	1194,82	129,88	5,00	2,35	
150	1966,00	601,00	925,18	128,94	10,00	4,71	
151	2552,00	602,00	1200,94	128,47	7,00	3,29	
152	2612,00	603,00	1229,18	128,00	8,00	3,76	
153	2472,00	604,00	1163,29	127,53	6,00	2,82	
154	1635,00	606,00	769,41	126,59	14,00	6,59	
155	1705,00	608,00	802,35	125,65	5,00	2,35	
156	2121,00	607,00	998,12	126,12	7,00	3,29	
157	2060,00	607,00	969,41	126,12	7,00	3,29	
158	1659,00	608,00	780,71	125,65	6,00	2,82	
159	2446,00	609,00	1151,06	125,18	7,00	3,29	
160	1391,00	614,00	654,59	122,82	5,00	2,35	
161	2320,00	614,00	1091,76	122,82	10,00	4,71	
162	1678,00	618,00	789,65	120,94	5,00	2,35	
163	1694,00	618,00	797,18	120,94	5,00	2,35	
164	2437,00	619,00	1146,82	120,47	10,00	4,71	
165	2428,00	620,00	1142,59	120,00	10,00	4,71	
166	2604,00	620,00	1225,41	120,00	8,00	3,76	
167	1713,00	626,00	806,12	117,18	5,00	2,35	
168	1968,00	622,00	926,12	119,06	6,00	2,82	
169	2009,00	622,00	945,41	119,06	15,00	7,06	
170	1934,00	623,00	910,12	118,59	12,00	5,65	
171	2155,00	625,00	1014,12	117,65	5,00	2,35	
172	2543,00	624,00	1196,71	118,12	8,00	3,76	
173	1907,00	625,00	897,41	117,65	8,00	3,76	
174	2031,00	625,00	955,76	117,65	5,00	2,35	
175	1727,00	626,00	812,71	117,18	5,00	2,35	
176	2623,00	627,00	1234,35	116,71	6,00	2,82	
177	2410,00	630,00	1134,12	115,29	6,00	2,82	
178	1706,00	631,00	802,82	114,82	5,00	2,35	
179	1741,00	630,00	819,29	115,29	10,00	4,71	
180	2294,00	632,00	1079,53	114,35	12,00	5,65	
181	2590,00	631,00	1218,82	114,82	10,00	4,71	
182	1916,00	632,00	901,65	114,35	9,00	4,24	
183	1954,00	632,00	919,53	114,35	6,00	2,82	
184	2318,00	635,00	1090,82	112,94	5,00	2,35	
185	1657,00	633,00	779,76	113,88	10,00	4,71	
186	2233,00	636,00	1050,82	112,47	13,00	6,12	
187	2547,00	635,00	1198,59	112,94	5,00	2,35	
188	1687,00	636,00	793,88	112,47	6,00	2,82	
189	1896,00	641,00	892,24	110,12	7,00	3,29	
190	2033,00	639,00	956,71	111,06	5,00	2,35	
191	1432,00	640,00	673,88	110,59	34,00	16,00	
192	1756,00	642,00	826,35	109,65	6,00	2,82	
193	2360,00	643,00	1110,59	109,18	8,00	3,76	
194	1640,00	642,00	771,76	109,65	12,00	5,65	
195	2146,00	642,00	1009,88	109,65	6,00	2,82	
196	2599,00	644,00	1223,06	108,71	6,00	2,82	
197	1638,00	647,00	770,82	107,29	12,00	5,65	
198	2161,00	647,00	1016,94	107,29	5,00	2,35	
199	2222,00	648,00	1045,65	106,82	15,00	7,06	
200	1980,00	650,00	931,76	105,88	9,00	4,24	
201	2151,00	649,00	1012,24	106,35	7,00	3,29	
202	1994,00	651,00	938,35	105,41	5,00	2,35	
203	2014,00	652,00	947,76	104,94	5,00	2,35	
204	1479,00	655,00	696,00	103,53	13,00	6,12	
205	1674,00	655,00	787,76	103,53	5,00	2,35	
206	1715,00	655,00	807,06	103,53	5,00	2,35	
207	1848,00	656,00	869,65	103,06	8,00	3,76	
208	2391,00	657,00	1125,18	102,59	20,00	9,41	
209	2560,00	655,00	1204,71	103,53	5,00	2,35	
210	1416,00	659,00	666,35	101,65	31,00	14,59	
211	1964,00	658,00	924,24	102,12	5,00	2,35	
212	2457,00	658,00	1156,24	102,12	22,00	10,35	
213	2559,00	658,00	1204,24	102,12	5,00	2,35	
214	2586,00	658,00	1216,94	102,12	5,00	2,35	
215	2173,00	659,00	1022,59	101,65	5,00	2,35	
216	2193,00	661,00	1032,00	100,71	7,00	3,29	
217	1620,00	662,00	762,35	100,24	5,00	2,35	
218	2108,00	662,00	992,00	100,24	5,00	2,35	
219	2184,00	662,00	1027,76	100,24	7,00	3,29	
220	2257,00	663,00	1062,12	99,76	5,00	2,35	
221	2551,00	664,00	1200,47	99,29	6,00	2,82	
222	2443,00	663,00	1149,65	99,76	22,00	10,35	
223	1487,00	665,00	699,76	98,82	10,00	4,71	
224	1937,00	666,00	911,53	98,35	10,00	4,71	
225	1997,00	666,00	939,76	98,35	6,00	2,82	
226	2327,00	666,00	1095,06	98,35	15,00	7,06	
227	2574,00	668,00	1211,29	97,41	8,00	3,76	
228	1745,00	669,00	821,18	96,94	5,00	2,35	
229	2345,00	669,00	1103,53	96,94	5,00	2,35	
230	2536,00	672,00	1193,41	95,53	6,00	2,82	
231	1698,00	673,00	799,06	95,06	5,00	2,35	
232	2397,00	673,00	1128,00	95,06	20,00	9,41	
233	1492,00	676,00	702,12	93,65	11,00	5,18	
234	2232,00	676,00	1050,35	93,65	5,00	2,35	
235	2510,00	675,00	1181,18	94,12	11,00	5,18	
236	1453,00	677,00	683,76	93,18	5,00	2,35	
237	1466,00	678,00	689,88	92,71	5,00	2,35	
238	1741,00	683,00	819,29	90,35	5,00	2,35	
239	1788,00	685,00	841,41	89,41	29,00	13,65	
240	1374,00	685,00	646,59	89,41	8,00	3,76	
241	2089,00	685,00	983,06	89,41	16,00	7,53	
242	2186,00	685,00	1028,71	89,41	11,00	5,18	
243	2113,00	687,00	994,35	88,47	16,00	7,53	
244	1721,00	691,00	809,88	86,59	6,00	2,82	
245	1661,00	691,00	781,65	86,59	5,00	2,35	
246	1707,00	693,00	803,29	85,65	5,00	2,35	
247	1968,00	689,00	926,12	87,53	6,00	2,82	
248	2223,00	689,00	1046,12	87,53	6,00	2,82	
249	1983,00	690,00	933,18	87,06	8,00	3,76	
250	2077,00	690,00	977,41	87,06	19,00	8,94	
251	2419,00	691,00	1138,35	86,59	29,00	13,65	
252	1383,00	692,00	650,82	86,12	7,00	3,29	
253	1648,00	693,00	775,53	85,65	6,00	2,82	
254	1839,00	695,00	865,41	84,71	7,00	3,29	
255	2031,00	696,00	955,76	84,24	7,00	3,29	
256	2572,00	695,00	1210,35	84,71	7,00	3,29	
257	2513,00	696,00	1182,59	84,24	11,00	5,18	
258	1481,00	699,00	696,94	82,82	6,00	2,82	
259	2533,00	699,00	1192,00	82,82	7,00	3,29	
260	1596,00	700,00	751,06	82,35	9,00	4,24	
261	2559,00	703,00	1204,24	80,94	8,00	3,76	
262	1554,00	702,00	731,29	81,41	7,00	3,29	
263	1874,00	704,00	881,88	80,47	23,00	10,82	
264	2147,00	703,00	1010,35	80,94	6,00	2,82	
265	2026,00	707,00	953,41	79,06	8,00	3,76	
266	1623,00	709,00	763,76	78,12	10,00	4,71	
267	1989,00	708,00	936,00	78,59	5,00	2,35	
268	1459,00	708,00	686,59	78,59	5,00	2,35	
269	1502,00	707,00	706,82	79,06	6,00	2,82	
270	1563,00	709,00	735,53	78,12	6,00	2,82	
271	1700,00	709,00	800,00	78,12	10,00	4,71	
272	1530,00	709,00	720,00	78,12	12,00	5,65	
273	2077,00	711,00	977,41	77,18	16,00	7,53	
274	2301,00	710,00	1082,82	77,65	5,00	2,35	
275	2582,00	710,00	1215,06	77,65	10,00	4,71	
276	2326,00	713,00	1094,59	76,24	8,00	3,76	
277	1748,00	715,00	822,59	75,29	5,00	2,35	
278	1720,00	716,00	809,41	74,82	9,00	4,24	
279	1585,00	720,00	745,88	72,94	5,00	2,35	
280	2023,00	721,00	952,00	72,47	7,00	3,29	
281	2111,00	717,00	993,41	74,35	5,00	2,35	
282	2508,00	718,00	1180,24	73,88	16,00	7,53	
283	1362,00	718,00	640,94	73,88	5,00	2,35	
284	1624,00	721,00	764,24	72,47	10,00	4,71	
285	2305,00	719,00	1084,71	73,41	7,00	3,29	
286	1360,00	721,00	640,00	72,47	5,00	2,35	
287	2330,00	721,00	1096,47	72,47	9,00	4,24	
288	1460,00	724,00	687,06	71,06	5,00	2,35	
289	1473,00	723,00	693,18	71,53	5,00	2,35	
290	2603,00	725,00	1224,94	70,59	7,00	3,29	
291	1557,00	725,00	732,71	70,59	6,00	2,82	
292	2536,00	724,00	1193,41	71,06	5,00	2,35	
293	2329,00	726,00	1096,00	70,12	9,00	4,24	
294	1694,00	727,00	797,18	69,65	13,00	6,12	
295	2049,00	728,00	964,24	69,18	7,00	3,29	
296	2418,00	734,00	1137,88	66,35	12,00	5,65	
297	2000,00	731,00	941,18	67,76	9,00	4,24	
298	1379,00	735,00	648,94	65,88	11,00	5,18	
299	2523,00	734,00	1187,29	66,35	6,00	2,82	
300	1528,00	737,00	719,06	64,94	6,00	2,82	
301	2182,00	736,00	1026,82	65,41	11,00	5,18	
302	2632,00	736,00	1238,59	65,41	16,00	7,53	
303	1426,00	738,00	671,06	64,47	7,00	3,29	
304	1948,00	738,00	916,71	64,47	30,00	14,12	
305	2404,00	738,00	1131,29	64,47	8,00	3,76	
306	2092,00	739,00	984,47	64,00	6,00	2,82	
307	1577,00	744,00	742,12	61,65	8,00	3,76	
308	2129,00	746,00	1001,88	60,71	7,00	3,29	
309	2656,00	744,00	1249,88	61,65	10,00	4,71	
310	2386,00	746,00	1122,82	60,71	10,00	4,71	
311	2595,00	745,00	1221,18	61,18	5,00	2,35	
312	1578,00	747,00	742,59	60,24	8,00	3,76	
313	2580,00	747,00	1214,12	60,24	7,00	3,29	
314	2647,00	747,00	1245,65	60,24	9,00	4,24	
315	1347,00	750,00	633,88	58,82	12,00	5,65	
316	1909,00	748,00	898,35	59,76	9,00	4,24	
317	2005,00	750,00	943,53	58,82	8,00	3,76	
318	2029,00	750,00	954,82	58,82	8,00	3,76	
319	2479,00	751,00	1166,59	58,35	6,00	2,82	
320	1695,00	752,00	797,65	57,88	5,00	2,35	
321	2532,00	755,00	1191,53	56,47	10,00	4,71	
322	1374,00	755,00	646,59	56,47	7,00	3,29	
323	1576,00	754,00	741,65	56,94	8,00	3,76	
324	2583,00	755,00	1215,53	56,47	6,00	2,82	
325	1537,00	755,00	723,29	56,47	5,00	2,35	
326	2668,00	756,00	1255,53	56,00	6,00	2,82	
327	2344,00	756,00	1103,06	56,00	9,00	4,24	
328	1658,00	757,00	780,24	55,53	10,00	4,71	
329	2513,00	758,00	1182,59	55,06	5,00	2,35	
330	1508,00	759,00	709,65	54,59	7,00	3,29	
331	1758,00	761,00	827,29	53,65	26,00	12,24	
332	2076,00	761,00	976,94	53,65	15,00	7,06	
333	2113,00	760,00	994,35	54,12	5,00	2,35	
334	2385,00	762,00	1122,35	53,18	12,00	5,65	
335	1340,00	764,00	630,59	52,24	11,00	5,18	
336	2425,00	765,00	1141,18	51,76	5,00	2,35	
337	2529,00	767,00	1190,12	50,82	9,00	4,24	
338	2621,00	765,00	1233,41	51,76	5,00	2,35	
339	2130,00	769,00	1002,35	49,88	5,00	2,35	
340	2561,00	768,00	1205,18	50,35	5,00	2,35	
341	2548,00	770,00	1199,06	49,41	5,00	2,35	
342	2639,00	772,00	1241,88	48,47	8,00	3,76	
343	2063,00	773,00	970,82	48,00	12,00	5,65	
344	2605,00	772,00	1225,88	48,47	5,00	2,35	
345	2091,00	775,00	984,00	47,06	11,00	5,18	
346	1365,00	776,00	642,35	46,59	5,00	2,35	
347	1693,00	776,00	796,71	46,59	12,00	5,65	
348	1896,00	778,00	892,24	45,65	5,00	2,35	
349	1558,00	781,00	733,18	44,24	10,00	4,71	
350	1671,00	781,00	786,35	44,24	7,00	3,29	
351	1886,00	782,00	887,53	43,76	5,00	2,35	
352	1639,00	783,00	771,29	43,29	12,00	5,65	
353	1659,00	783,00	780,71	43,29	8,00	3,76	
354	1690,00	788,00	795,29	40,94	13,00	6,12	
355	1624,00	788,00	764,24	40,94	16,00	7,53	
356	2577,00	788,00	1212,71	40,94	9,00	4,24	
357	1576,00	790,00	741,65	40,00	10,00	4,71	
358	2497,00	790,00	1175,06	40,00	6,00	2,82	
359	1900,00	793,00	894,12	38,59	7,00	3,29	
360	2605,00	794,00	1225,88	38,12	5,00	2,35	
361	1934,00	799,00	910,12	35,76	17,00	8,00	
362	1871,00	802,00	880,47	34,35	12,00	5,65	
363	1969,00	803,00	926,59	33,88	6,00	2,82	
364	2046,00	803,00	962,82	33,88	7,00	3,29	
365	2659,00	804,00	1251,29	33,41	7,00	3,29	
366	1593,00	804,00	749,65	33,41	5,00	2,35	
367	1620,00	807,00	762,35	32,00	16,00	7,53	
368	1774,00	808,00	834,82	31,53	12,00	5,65	
369	2704,00	806,00	1272,47	32,47	7,00	3,29	
370	1705,00	808,00	802,35	31,53	9,00	4,24	
371	2582,00	808,00	1215,06	31,53	5,00	2,35	
372	1345,00	809,00	632,94	31,06	5,00	2,35	
373	1909,00	812,00	898,35	29,65	8,00	3,76	
374	2672,00	815,00	1257,41	28,24	14,00	6,59	
375	2713,00	814,00	1276,71	28,71	6,00	2,82	
376	1952,00	816,00	918,59	27,76	11,00	5,18	
377	2044,00	819,00	961,88	26,35	5,00	2,35	
378	1701,00	821,00	800,47	25,41	6,00	2,82	
379	2012,00	820,00	946,82	25,88	7,00	3,29	
380	1349,00	822,00	634,82	24,94	5,00	2,35	
381	1722,00	826,00	810,35	23,06	5,00	2,35	
382	1856,00	829,00	873,41	21,65	9,00	4,24	
383	1916,00	827,00	901,65	22,59	5,00	2,35	
384	1743,00	831,00	820,24	20,71	5,00	2,35	
385	2020,00	829,00	950,59	21,65	6,00	2,82	
386	1634,00	830,00	768,94	21,18	26,00	12,24	
387	1351,00	831,00	635,76	20,71	6,00	2,82	
388	1876,00	831,00	882,82	20,71	7,00	3,29	
389	1933,00	833,00	909,65	19,76	6,00	2,82	
390	2720,00	833,00	1280,00	19,76	9,00	4,24	
391	1583,00	838,00	744,94	17,41	8,00	3,76	
392	1781,00	838,00	838,12	17,41	7,00	3,29	
393	1973,00	838,00	928,47	17,41	5,00	2,35	
394	1750,00	841,00	823,53	16,00	5,00	2,35	
395	1839,00	840,00	865,41	16,47	6,00	2,82	
396	2613,00	840,00	1229,65	16,47	25,00	11,76	
397	2724,00	845,00	1281,88	14,12	6,00	2,82	
398	2009,00	842,00	945,41	15,53	6,00	2,82	
399	1578,00	843,00	742,59	15,06	8,00	3,76	
400	1996,00	846,00	939,29	13,65	6,00	2,82	
401	1893,00	846,00	890,82	13,65	14,00	6,59	
402	1719,00	849,00	808,94	12,24	12,00	5,65	
403	1717,00	850,00	808,00	11,76	12,00	5,65	
404	2054,00	850,00	966,59	11,76	16,00	7,53	
405	1713,00	852,00	806,12	10,82	12,00	5,65	
406	1678,00	854,00	789,65	9,88	6,00	2,82	
407	1673,00	856,00	787,29	8,94	7,00	3,29	
408	1942,00	860,00	913,88	7,06	9,00	4,24	
409	2592,00	860,00	1219,76	7,06	29,00	13,65	
410	1294,00	862,00	608,94	6,12	6,00	2,82	
411	2047,00	862,00	963,29	6,12	14,00	6,59	
412	1823,00	864,00	857,88	5,18	8,00	3,76	
413	2712,00	864,00	1276,24	5,18	10,00	4,71	
414	1328,00	865,00	624,94	4,71	5,00	2,35	
415	2040,00	867,00	960,00	3,76	14,00	6,59	
416	1277,00	869,00	600,94	2,82	6,00	2,82	
417	1268,00	870,00	596,71	2,35	5,00	2,35	
418	1835,00	870,00	863,53	2,35	5,00	2,35	
419	1999,00	871,00	940,71	1,88	7,00	3,29	
420	1318,00	872,00	620,24	1,41	9,00	4,24	
421	2714,00	871,00	1277,18	1,88	11,00	5,18	
422	1876,00	876,00	882,82	-0,47	21,00	9,88	
423	2575,00	874,00	1211,76	0,47	25,00	11,76	
424	1314,00	879,00	618,35	-1,88	9,00	4,24	
425	2673,00	881,00	1257,88	-2,82	6,00	2,82	
426	1641,00	883,00	772,24	-3,76	5,00	2,35	
427	2653,00	883,00	1248,47	-3,76	7,00	3,29	
428	1935,00	885,00	910,59	-4,71	13,00	6,12	
429	2027,00	887,00	953,88	-5,65	17,00	8,00	
430	2617,00	887,00	1231,53	-5,65	5,00	2,35	
431	2411,00	891,00	1134,59	-7,53	5,00	2,35	
432	1928,00	900,00	907,29	-11,76	11,00	5,18	
433	1649,00	902,00	776,00	-12,71	7,00	3,29	
434	2660,00	902,00	1251,76	-12,71	6,00	2,82	
435	1947,00	903,00	916,24	-13,18	5,00	2,35	
436	1624,00	905,00	764,24	-14,12	7,00	3,29	
437	1776,00	905,00	835,76	-14,12	38,00	17,88	
438	1553,00	907,00	730,82	-15,06	5,00	2,35	
439	1551,00	908,00	729,88	-15,53	5,00	2,35	
440	2055,00	908,00	967,06	-15,53	5,00	2,35	
441	1699,00	910,00	799,53	-16,47	24,00	11,29	
442	2647,00	911,00	1245,65	-16,94	6,00	2,82	
443	1742,00	911,00	819,76	-16,94	28,00	13,18	
444	2683,00	911,00	1262,59	-16,94	5,00	2,35	
445	1740,00	912,00	818,82	-17,41	28,00	13,18	
446	1733,00	914,00	815,53	-18,35	28,00	13,18	
447	2288,00	913,00	1076,71	-17,88	8,00	3,76	
448	1543,00	916,00	726,12	-19,29	7,00	3,29	
449	2191,00	916,00	1031,06	-19,29	5,00	2,35	
450	1880,00	921,00	884,71	-21,65	6,00	2,82	
451	1917,00	921,00	902,12	-21,65	10,00	4,71	
452	1627,00	921,00	765,65	-21,65	5,00	2,35	
453	2623,00	922,00	1234,35	-22,12	6,00	2,82	
454	1598,00	924,00	752,00	-23,06	5,00	2,35	
455	2239,00	925,00	1053,65	-23,53	7,00	3,29	
456	1977,00	925,00	930,35	-23,53	14,00	6,59	
457	2318,00	925,00	1090,82	-23,53	8,00	3,76	
458	2622,00	926,00	1233,88	-24,00	6,00	2,82	
459	2706,00	927,00	1273,41	-24,47	9,00	4,24	
460	1898,00	927,00	893,18	-24,47	6,00	2,82	
461	2314,00	928,00	1088,94	-24,94	8,00	3,76	
462	2594,00	928,00	1220,71	-24,94	8,00	3,76	
463	1280,00	929,00	602,35	-25,41	32,00	15,06	
464	1969,00	928,00	926,59	-24,94	14,00	6,59	
465	2417,00	928,00	1137,41	-24,94	11,00	5,18	
466	1864,00	929,00	877,18	-25,41	5,00	2,35	
467	1986,00	929,00	934,59	-25,41	12,00	5,65	
468	1653,00	932,00	777,88	-26,82	5,00	2,35	
469	1988,00	930,00	935,53	-25,88	12,00	5,65	
470	1530,00	933,00	720,00	-27,29	5,00	2,35	
471	1911,00	934,00	899,29	-27,76	10,00	4,71	
472	2620,00	933,00	1232,94	-27,29	5,00	2,35	
473	2666,00	935,00	1254,59	-28,24	13,00	6,12	
474	1637,00	936,00	770,35	-28,71	5,00	2,35	
475	2641,00	936,00	1242,82	-28,71	6,00	2,82	
476	1869,00	939,00	879,53	-30,12	5,00	2,35	
477	2290,00	938,00	1077,65	-29,65	5,00	2,35	
478	1838,00	939,00	864,94	-30,12	12,00	5,65	
479	1641,00	943,00	772,24	-32,00	6,00	2,82	
480	2300,00	943,00	1082,35	-32,00	9,00	4,24	
481	1965,00	945,00	924,71	-32,94	14,00	6,59	
482	1574,00	948,00	740,71	-34,35	11,00	5,18	
483	1592,00	949,00	749,18	-34,82	5,00	2,35	
484	1615,00	951,00	760,00	-35,76	5,00	2,35	
485	1999,00	956,00	940,71	-38,12	6,00	2,82	
486	1956,00	953,00	920,47	-36,71	15,00	7,06	
487	2610,00	958,00	1228,24	-39,06	5,00	2,35	
488	2017,00	956,00	949,18	-38,12	7,00	3,29	
489	2243,00	958,00	1055,53	-39,06	6,00	2,82	
490	2297,00	957,00	1080,94	-38,59	9,00	4,24	
491	1867,00	959,00	878,59	-39,53	5,00	2,35	
492	2659,00	959,00	1251,29	-39,53	5,00	2,35	
493	2289,00	961,00	1077,18	-40,47	10,00	4,71	
494	2406,00	961,00	1132,24	-40,47	7,00	3,29	
495	1608,00	962,00	756,71	-40,94	9,00	4,24	
496	1694,00	963,00	797,18	-41,41	6,00	2,82	
497	2449,00	965,00	1152,47	-42,35	8,00	3,76	
498	1622,00	968,00	763,29	-43,76	6,00	2,82	
499	1759,00	964,00	827,76	-41,88	6,00	2,82	
500	1941,00	965,00	913,41	-42,35	20,00	9,41	
501	2421,00	964,00	1139,29	-41,88	8,00	3,76	
502	2369,00	965,00	1114,82	-42,35	11,00	5,18	
503	1654,00	967,00	778,35	-43,29	6,00	2,82	
504	2615,00	968,00	1230,59	-43,76	6,00	2,82	
505	1852,00	968,00	871,53	-43,76	5,00	2,35	
506	2265,00	970,00	1065,88	-44,71	11,00	5,18	
507	2384,00	971,00	1121,88	-45,18	5,00	2,35	
508	2662,00	970,00	1252,71	-44,71	8,00	3,76	
509	2606,00	972,00	1226,35	-45,65	5,00	2,35	
510	1738,00	973,00	817,88	-46,12	5,00	2,35	
511	2637,00	972,00	1240,94	-45,65	9,00	4,24	
512	1639,00	974,00	771,29	-46,59	6,00	2,82	
513	1557,00	980,00	732,71	-49,41	17,00	8,00	
514	1652,00	976,00	777,41	-47,53	5,00	2,35	
515	1815,00	976,00	854,12	-47,53	5,00	2,35	
516	1829,00	977,00	860,71	-48,00	6,00	2,82	
517	1714,00	978,00	806,59	-48,47	5,00	2,35	
518	1879,00	978,00	884,24	-48,47	6,00	2,82	
519	1610,00	978,00	757,65	-48,47	5,00	2,35	
520	1280,00	982,00	602,35	-50,35	7,00	3,29	
521	1859,00	982,00	874,82	-50,35	8,00	3,76	
522	2002,00	982,00	942,12	-50,35	6,00	2,82	
523	1828,00	987,00	860,24	-52,71	5,00	2,35	
524	1595,00	989,00	750,59	-53,65	7,00	3,29	
525	1613,00	990,00	759,06	-54,12	5,00	2,35	
526	1744,00	991,00	820,71	-54,59	5,00	2,35	
527	1801,00	992,00	847,53	-55,06	16,00	7,53	
528	1840,00	992,00	865,88	-55,06	6,00	2,82	
529	1857,00	993,00	873,88	-55,53	6,00	2,82	
530	2227,00	995,00	1048,00	-56,47	7,00	3,29	
531	2248,00	994,00	1057,88	-56,00	7,00	3,29	
532	1981,00	996,00	932,24	-56,94	6,00	2,82	
533	2494,00	996,00	1173,65	-56,94	5,00	2,35	
534	1833,00	997,00	862,59	-57,41	7,00	3,29	
535	2221,00	997,00	1045,18	-57,41	7,00	3,29	
536	2217,00	998,00	1043,29	-57,88	7,00	3,29	
537	2322,00	1001,00	1092,71	-59,29	22,00	10,35	
538	2506,00	999,00	1179,29	-58,35	5,00	2,35	
539	2567,00	1000,00	1208,00	-58,82	29,00	13,65	
540	1538,00	1000,00	723,76	-58,82	5,00	2,35	
541	1455,00	1001,00	684,71	-59,29	17,00	8,00	
542	2357,00	1005,00	1109,18	-61,18	6,00	2,82	
543	2462,00	1003,00	1158,59	-60,24	9,00	4,24	
544	1625,00	1004,00	764,71	-60,71	6,00	2,82	
545	2202,00	1007,00	1036,24	-62,12	6,00	2,82	
546	2393,00	1006,00	1126,12	-61,65	8,00	3,76	
547	2163,00	1005,00	1017,88	-61,18	6,00	2,82	
548	2245,00	1005,00	1056,47	-61,18	8,00	3,76	
549	2434,00	1009,00	1145,41	-63,06	16,00	7,53	
550	2306,00	1010,00	1085,18	-63,53	17,00	8,00	
551	2435,00	1011,00	1145,88	-64,00	16,00	7,53	
552	2299,00	1013,00	1081,88	-64,94	18,00	8,47	
553	2407,00	1013,00	1132,71	-64,94	5,00	2,35	
554	2297,00	1014,00	1080,94	-65,41	18,00	8,47	
555	1646,00	1018,00	774,59	-67,29	15,00	7,06	
556	1916,00	1017,00	901,65	-66,82	5,00	2,35	
557	1974,00	1017,00	928,94	-66,82	5,00	2,35	
558	2174,00	1018,00	1023,06	-67,29	8,00	3,76	
559	1724,00	1018,00	811,29	-67,29	17,00	8,00	
560	1940,00	1020,00	912,94	-68,24	6,00	2,82	
561	1416,00	1019,00	666,35	-67,76	8,00	3,76	
562	1804,00	1020,00	848,94	-68,24	6,00	2,82	
563	1917,00	1020,00	902,12	-68,24	5,00	2,35	
564	1509,00	1021,00	710,12	-68,71	5,00	2,35	
565	1774,00	1022,00	834,82	-69,18	5,00	2,35	
566	2440,00	1023,00	1148,24	-69,65	20,00	9,41	
567	2149,00	1024,00	1011,29	-70,12	5,00	2,35	
568	2400,00	1025,00	1129,41	-70,59	5,00	2,35	
569	1600,00	1025,00	752,94	-70,59	12,00	5,65	
570	1775,00	1026,00	835,29	-71,06	5,00	2,35	
571	1865,00	1026,00	877,65	-71,06	14,00	6,59	
572	1628,00	1027,00	766,12	-71,53	12,00	5,65	
573	2280,00	1028,00	1072,94	-72,00	21,00	9,88	
574	1839,00	1029,00	865,41	-72,47	11,00	5,18	
575	2469,00	1029,00	1161,88	-72,47	8,00	3,76	
576	2490,00	1036,00	1171,76	-75,76	5,00	2,35	
577	1690,00	1038,00	795,29	-76,71	25,00	11,76	
578	1310,00	1039,00	616,47	-77,18	17,00	8,00	
579	1507,00	1039,00	709,18	-77,18	8,00	3,76	
580	1502,00	1040,00	706,82	-77,65	8,00	3,76	
581	2516,00	1041,00	1184,00	-78,12	6,00	2,82	
582	2259,00	1043,00	1063,06	-79,06	29,00	13,65	
583	1754,00	1044,00	825,41	-79,53	5,00	2,35	
584	2614,00	1044,00	1230,12	-79,53	10,00	4,71	
585	1411,00	1046,00	664,00	-80,47	5,00	2,35	
586	2302,00	1045,00	1083,29	-80,00	10,00	4,71	
587	2176,00	1047,00	1024,00	-80,94	6,00	2,82	
588	2348,00	1049,00	1104,94	-81,88	12,00	5,65	
589	1789,00	1049,00	841,88	-81,88	9,00	4,24	
590	2018,00	1050,00	949,65	-82,35	6,00	2,82	
591	2434,00	1050,00	1145,41	-82,35	14,00	6,59	
592	2594,00	1050,00	1220,71	-82,35	5,00	2,35	
593	2149,00	1051,00	1011,29	-82,82	8,00	3,76	
594	1486,00	1052,00	699,29	-83,29	5,00	2,35	
595	1891,00	1054,00	889,88	-84,24	11,00	5,18	
596	1722,00	1054,00	810,35	-84,24	13,00	6,12	
597	2470,00	1054,00	1162,35	-84,24	5,00	2,35	
598	2523,00	1056,00	1187,29	-85,18	5,00	2,35	
599	1990,00	1055,00	936,47	-84,71	10,00	4,71	
600	2330,00	1056,00	1096,47	-85,18	6,00	2,82	
601	2496,00	1057,00	1174,59	-85,65	8,00	3,76	
602	2564,00	1060,00	1206,59	-87,06	5,00	2,35	
603	1761,00	1061,00	828,71	-87,53	7,00	3,29	
604	1281,00	1061,00	602,82	-87,53	6,00	2,82	
605	1962,00	1063,00	923,29	-88,47	19,00	8,94	
606	2545,00	1063,00	1197,65	-88,47	7,00	3,29	
607	1314,00	1064,00	618,35	-88,94	14,00	6,59	
608	1284,00	1066,00	604,24	-89,88	6,00	2,82	
609	2379,00	1066,00	1119,53	-89,88	6,00	2,82	
610	2537,00	1066,00	1193,88	-89,88	9,00	4,24	
611	1411,00	1067,00	664,00	-90,35	6,00	2,82	
612	1737,00	1067,00	817,41	-90,35	13,00	6,12	
613	2400,00	1068,00	1129,41	-90,82	5,00	2,35	
614	1607,00	1071,00	756,24	-92,24	12,00	5,65	
615	1868,00	1072,00	879,06	-92,71	7,00	3,29	
616	2259,00	1074,00	1063,06	-93,65	28,00	13,18	
617	2031,00	1074,00	955,76	-93,65	8,00	3,76	
618	1323,00	1074,00	622,59	-93,65	13,00	6,12	
619	1953,00	1075,00	919,06	-94,12	18,00	8,47	
620	1359,00	1077,00	639,53	-95,06	6,00	2,82	
621	1622,00	1077,00	763,29	-95,06	11,00	5,18	
622	1913,00	1076,00	900,24	-94,59	6,00	2,82	
623	2512,00	1077,00	1182,12	-95,06	5,00	2,35	
624	2586,00	1078,00	1216,94	-95,53	5,00	2,35	
625	1579,00	1080,00	743,06	-96,47	9,00	4,24	
626	2081,00	1080,00	979,29	-96,47	28,00	13,18	
627	2498,00	1080,00	1175,53	-96,47	9,00	4,24	
628	2594,00	1081,00	1220,71	-96,94	5,00	2,35	
629	2602,00	1082,00	1224,47	-97,41	5,00	2,35	
630	1354,00	1087,00	637,18	-99,76	9,00	4,24	
631	2000,00	1086,00	941,18	-99,29	8,00	3,76	
632	2022,00	1088,00	951,53	-100,24	9,00	4,24	
633	2393,00	1088,00	1126,12	-100,24	9,00	4,24	
634	1629,00	1090,00	766,59	-101,18	9,00	4,24	
635	2397,00	1090,00	1128,00	-101,18	8,00	3,76	
636	2399,00	1091,00	1128,94	-101,65	8,00	3,76	
637	2430,00	1091,00	1143,53	-101,65	10,00	4,71	
638	2176,00	1094,00	1024,00	-103,06	10,00	4,71	
639	1639,00	1095,00	771,29	-103,53	12,00	5,65	
640	1996,00	1096,00	939,29	-104,00	8,00	3,76	
641	2560,00	1095,00	1204,71	-103,53	14,00	6,59	
642	1844,00	1099,00	867,76	-105,41	5,00	2,35	
643	2286,00	1099,00	1075,76	-105,41	23,00	10,82	
644	1553,00	1101,00	730,82	-106,35	9,00	4,24	
645	2335,00	1103,00	1098,82	-107,29	5,00	2,35	
646	2503,00	1102,00	1177,88	-106,82	5,00	2,35	
647	1581,00	1103,00	744,00	-107,29	5,00	2,35	
648	1685,00	1107,00	792,94	-109,18	9,00	4,24	
649	1941,00	1109,00	913,41	-110,12	13,00	6,12	
650	2172,00	1110,00	1022,12	-110,59	9,00	4,24	
651	2370,00	1110,00	1115,29	-110,59	5,00	2,35	
652	1634,00	1111,00	768,94	-111,06	9,00	4,24	
653	2314,00	1111,00	1088,94	-111,06	5,00	2,35	
654	2447,00	1111,00	1151,53	-111,06	11,00	5,18	
655	1862,00	1112,00	876,24	-111,53	7,00	3,29	
656	2208,00	1114,00	1039,06	-112,47	6,00	2,82	
657	1536,00	1116,00	722,82	-113,41	15,00	7,06	
658	2000,00	1114,00	941,18	-112,47	11,00	5,18	
659	2470,00	1114,00	1162,35	-112,47	10,00	4,71	
660	1632,00	1117,00	768,00	-113,88	10,00	4,71	
661	2115,00	1117,00	995,29	-113,88	9,00	4,24	
662	1867,00	1121,00	878,59	-115,76	10,00	4,71	
663	2465,00	1122,00	1160,00	-116,24	11,00	5,18	
664	2527,00	1125,00	1189,18	-117,65	7,00	3,29	
665	1577,00	1124,00	742,12	-117,18	6,00	2,82	
666	2589,00	1123,00	1218,35	-116,71	18,00	8,47	
667	1988,00	1126,00	935,53	-118,12	9,00	4,24	
668	1510,00	1126,00	710,59	-118,12	11,00	5,18	
669	1924,00	1130,00	905,41	-120,00	15,00	7,06	
670	2396,00	1126,00	1127,53	-118,12	6,00	2,82	
671	1647,00	1129,00	775,06	-119,53	7,00	3,29	
672	2059,00	1128,00	968,94	-119,06	9,00	4,24	
673	2209,00	1127,00	1039,53	-118,59	7,00	3,29	
674	2506,00	1127,00	1179,29	-118,59	10,00	4,71	
675	1593,00	1129,00	749,65	-119,53	5,00	2,35	
676	1854,00	1128,00	872,47	-119,06	8,00	3,76	
677	2275,00	1128,00	1070,59	-119,06	13,00	6,12	
678	2616,00	1129,00	1231,06	-119,53	7,00	3,29	
679	2165,00	1131,00	1018,82	-120,47	7,00	3,29	
680	2273,00	1131,00	1069,65	-120,47	13,00	6,12	
681	1889,00	1131,00	888,94	-120,47	5,00	2,35	
682	2193,00	1133,00	1032,00	-121,41	5,00	2,35	
683	2178,00	1135,00	1024,94	-122,35	5,00	2,35	
684	1690,00	1135,00	795,29	-122,35	9,00	4,24	
685	2131,00	1135,00	1002,82	-122,35	17,00	8,00	
686	2547,00	1135,00	1198,59	-122,35	9,00	4,24	
687	1664,00	1136,00	783,06	-122,82	8,00	3,76	
688	1990,00	1137,00	936,47	-123,29	6,00	2,82	
689	1568,00	1138,00	737,88	-123,76	6,00	2,82	
690	2523,00	1139,00	1187,29	-124,24	5,00	2,35	
691	1612,00	1141,00	758,59	-125,18	9,00	4,24	
692	2247,00	1142,00	1057,41	-125,65	6,00	2,82	
693	2378,00	1142,00	1119,06	-125,65	18,00	8,47	
694	1992,00	1143,00	937,41	-126,12	6,00	2,82	
695	2040,00	1145,00	960,00	-127,06	7,00	3,29	
696	2306,00	1146,00	1085,18	-127,53	8,00	3,76	
697	1554,00	1146,00	731,29	-127,53	7,00	3,29	
698	1956,00	1147,00	920,47	-128,00	5,00	2,35	
699	2075,00	1146,00	976,47	-127,53	12,00	5,65	
700	1560,00	1148,00	734,12	-128,47	7,00	3,29	
701	2182,00	1150,00	1026,82	-129,41	6,00	2,82	
702	2222,00	1149,00	1045,65	-128,94	5,00	2,35	
703	2549,00	1149,00	1199,53	-128,94	5,00	2,35	
704	1522,00	1150,00	716,24	-129,41	5,00	2,35	
705	1639,00	1150,00	771,29	-129,41	6,00	2,82	
706	1901,00	1150,00	894,59	-129,41	6,00	2,82	
707	1920,00	1150,00	903,53	-129,41	9,00	4,24	
708	1719,00	1152,00	808,94	-130,35	8,00	3,76	
709	2249,00	1152,00	1058,35	-130,35	5,00	2,35	
710	2598,00	1153,00	1222,59	-130,82	13,00	6,12	
711	2252,00	1153,00	1059,76	-130,82	5,00	2,35	
712	1946,00	1154,00	915,76	-131,29	7,00	3,29	
713	1623,00	1156,00	763,76	-132,24	6,00	2,82	
714	2380,00	1157,00	1120,00	-132,71	20,00	9,41	
715	1544,00	1156,00	726,59	-132,24	7,00	3,29	
716	2048,00	1156,00	963,76	-132,24	5,00	2,35	
717	1944,00	1157,00	914,82	-132,71	7,00	3,29	
718	1721,00	1158,00	809,88	-133,18	9,00	4,24	
719	2197,00	1158,00	1033,88	-133,18	12,00	5,65	
720	1997,00	1160,00	939,76	-134,12	5,00	2,35	
721	1833,00	1164,00	862,59	-136,00	23,00	10,82	
722	1888,00	1160,00	888,47	-134,12	5,00	2,35	
723	1898,00	1161,00	893,18	-134,59	5,00	2,35	
724	1486,00	1163,00	699,29	-135,53	11,00	5,18	
725	1921,00	1163,00	904,00	-135,53	11,00	5,18	
726	1518,00	1167,00	714,35	-137,41	5,00	2,35	
727	1744,00	1166,00	820,71	-136,94	6,00	2,82	
728	2125,00	1167,00	1000,00	-137,41	11,00	5,18	
729	2127,00	1171,00	1000,94	-139,29	11,00	5,18	
730	2615,00	1172,00	1230,59	-139,76	5,00	2,35	
731	2033,00	1173,00	956,71	-140,24	5,00	2,35	
732	1985,00	1174,00	934,12	-140,71	5,00	2,35	
733	2242,00	1174,00	1055,06	-140,71	10,00	4,71	
734	1749,00	1177,00	823,06	-142,12	5,00	2,35	
735	1668,00	1177,00	784,94	-142,12	7,00	3,29	
736	1786,00	1177,00	840,47	-142,12	7,00	3,29	
737	1927,00	1177,00	906,82	-142,12	9,00	4,24	
738	1977,00	1177,00	930,35	-142,12	5,00	2,35	
739	1880,00	1179,00	884,71	-143,06	5,00	2,35	
740	2016,00	1179,00	948,71	-143,06	5,00	2,35	
741	1714,00	1182,00	806,59	-144,47	8,00	3,76	
742	2461,00	1183,00	1158,12	-144,94	5,00	2,35	
743	2478,00	1182,00	1166,12	-144,47	10,00	4,71	
744	2521,00	1182,00	1186,35	-144,47	19,00	8,94	
745	2265,00	1183,00	1065,88	-144,94	5,00	2,35	
746	2343,00	1184,00	1102,59	-145,41	31,00	14,59	
747	2595,00	1184,00	1221,18	-145,41	11,00	5,18	
748	2120,00	1190,00	997,65	-148,24	10,00	4,71	
749	2342,00	1187,00	1102,12	-146,82	31,00	14,59	
750	2016,00	1188,00	948,71	-147,29	6,00	2,82	
751	1599,00	1189,00	752,47	-147,76	13,00	6,12	
752	2013,00	1189,00	947,29	-147,76	6,00	2,82	
753	2247,00	1189,00	1057,41	-147,76	5,00	2,35	
754	1974,00	1191,00	928,94	-148,71	5,00	2,35	
755	1613,00	1193,00	759,06	-149,65	10,00	4,71	
756	2334,00	1193,00	1098,35	-149,65	30,00	14,12	
757	1631,00	1195,00	767,53	-150,59	5,00	2,35	
758	1745,00	1201,00	821,18	-153,41	5,00	2,35	
759	2251,00	1196,00	1059,29	-151,06	6,00	2,82	
760	2470,00	1197,00	1162,35	-151,53	8,00	3,76	
761	1668,00	1200,00	784,94	-152,94	16,00	7,53	
762	1963,00	1198,00	923,76	-152,00	6,00	2,82	
763	2272,00	1201,00	1069,18	-153,41	5,00	2,35	
764	2533,00	1201,00	1192,00	-153,41	27,00	12,71	
765	1726,00	1201,00	812,24	-153,41	6,00	2,82	
766	1776,00	1201,00	835,76	-153,41	7,00	3,29	
767	2287,00	1202,00	1076,24	-153,88	5,00	2,35	
768	2486,00	1203,00	1169,88	-154,35	5,00	2,35	
769	2610,00	1203,00	1228,24	-154,35	7,00	3,29	
770	2105,00	1204,00	990,59	-154,82	9,00	4,24	
771	1713,00	1205,00	806,12	-155,29	7,00	3,29	
772	2041,00	1207,00	960,47	-156,24	11,00	5,18	
773	1904,00	1208,00	896,00	-156,71	5,00	2,35	
774	2568,00	1209,00	1208,47	-157,18	5,00	2,35	
775	1919,00	1211,00	903,06	-158,12	7,00	3,29	
776	1937,00	1211,00	911,53	-158,12	5,00	2,35	
777	2092,00	1211,00	984,47	-158,12	8,00	3,76	
778	1969,00	1211,00	926,59	-158,12	5,00	2,35	
779	2632,00	1211,00	1238,59	-158,12	12,00	5,65	
780	2268,00	1212,00	1067,29	-158,59	5,00	2,35	
781	1601,00	1213,00	753,41	-159,06	7,00	3,29	
782	1968,00	1214,00	926,12	-159,53	5,00	2,35	
783	1541,00	1216,00	725,18	-160,47	32,00	15,06	
784	2060,00	1216,00	969,41	-160,47	9,00	4,24	
785	2381,00	1216,00	1120,47	-160,47	5,00	2,35	
786	2454,00	1215,00	1154,82	-160,00	15,00	7,06	
787	1676,00	1216,00	788,71	-160,47	12,00	5,65	
788	1746,00	1216,00	821,65	-160,47	5,00	2,35	
789	2499,00	1219,00	1176,00	-161,88	8,00	3,76	
790	2008,00	1221,00	944,94	-162,82	6,00	2,82	
791	2038,00	1223,00	959,06	-163,76	8,00	3,76	
792	2575,00	1224,00	1211,76	-164,24	5,00	2,35	
793	1978,00	1225,00	930,82	-164,71	7,00	3,29	
794	2110,00	1224,00	992,94	-164,24	6,00	2,82	
795	1933,00	1226,00	909,65	-165,18	5,00	2,35	
796	2067,00	1225,00	972,71	-164,71	6,00	2,82	
797	2367,00	1226,00	1113,88	-165,18	5,00	2,35	
798	2456,00	1228,00	1155,76	-166,12	14,00	6,59	
799	1864,00	1231,00	877,18	-167,53	5,00	2,35	
800	1970,00	1228,00	927,06	-166,12	7,00	3,29	
801	2280,00	1229,00	1072,94	-166,59	5,00	2,35	
802	2117,00	1230,00	996,24	-167,06	6,00	2,82	
803	1955,00	1231,00	920,00	-167,53	5,00	2,35	
804	2582,00	1233,00	1215,06	-168,47	8,00	3,76	
805	2523,00	1237,00	1187,29	-170,35	6,00	2,82	
806	2006,00	1237,00	944,00	-170,35	5,00	2,35	
807	2348,00	1237,00	1104,94	-170,35	5,00	2,35	
808	2590,00	1238,00	1218,82	-170,82	7,00	3,29	
809	1765,00	1240,00	830,59	-171,76	8,00	3,76	
810	1833,00	1240,00	862,59	-171,76	17,00	8,00	
811	2253,00	1239,00	1060,24	-171,29	15,00	7,06	
812	2607,00	1239,00	1226,82	-171,29	7,00	3,29	
813	1946,00	1243,00	915,76	-173,18	5,00	2,35	
814	2403,00	1242,00	1130,82	-172,71	7,00	3,29	
815	1737,00	1243,00	817,41	-173,18	8,00	3,76	
816	1756,00	1243,00	826,35	-173,18	8,00	3,76	
817	1877,00	1245,00	883,29	-174,12	5,00	2,35	
818	2553,00	1244,00	1201,41	-173,65	5,00	2,35	
819	1857,00	1246,00	873,88	-174,59	5,00	2,35	
820	2499,00	1246,00	1176,00	-174,59	5,00	2,35	
821	1630,00	1247,00	767,06	-175,06	5,00	2,35	
822	1972,00	1248,00	928,00	-175,53	5,00	2,35	
823	2291,00	1249,00	1078,12	-176,00	6,00	2,82	
824	2552,00	1248,00	1200,94	-175,53	5,00	2,35	
825	1897,00	1250,00	892,71	-176,47	6,00	2,82	
826	2426,00	1252,00	1141,65	-177,41	5,00	2,35	
827	2563,00	1255,00	1206,12	-178,82	5,00	2,35	
828	1577,00	1253,00	742,12	-177,88	5,00	2,35	
829	2475,00	1254,00	1164,71	-178,35	5,00	2,35	
830	2021,00	1258,00	951,06	-180,24	18,00	8,47	
831	2441,00	1255,00	1148,71	-178,82	5,00	2,35	
832	2473,00	1255,00	1163,76	-178,82	5,00	2,35	
833	2183,00	1256,00	1027,29	-179,29	9,00	4,24	
834	2087,00	1257,00	982,12	-179,76	17,00	8,00	
835	1878,00	1261,00	883,76	-181,65	6,00	2,82	
836	1949,00	1259,00	917,18	-180,71	5,00	2,35	
837	2404,00	1260,00	1131,29	-181,18	5,00	2,35	
838	2593,00	1262,00	1220,24	-182,12	5,00	2,35	
839	1924,00	1266,00	905,41	-184,00	6,00	2,82	
840	1934,00	1265,00	910,12	-183,53	6,00	2,82	
841	2552,00	1267,00	1200,94	-184,47	5,00	2,35	
842	2262,00	1269,00	1064,47	-185,41	6,00	2,82	
843	2294,00	1271,00	1079,53	-186,35	5,00	2,35	
844	2575,00	1277,00	1211,76	-189,18	9,00	4,24	
845	1696,00	1272,00	798,12	-186,82	16,00	7,53	
846	1912,00	1273,00	899,76	-187,29	5,00	2,35	
847	2378,00	1273,00	1119,06	-187,29	13,00	6,12	
848	1514,00	1277,00	712,47	-189,18	5,00	2,35	
849	1661,00	1276,00	781,65	-188,71	25,00	11,76	
850	1883,00	1277,00	886,12	-189,18	7,00	3,29	
851	2556,00	1278,00	1202,82	-189,65	5,00	2,35	
852	1733,00	1279,00	815,53	-190,12	8,00	3,76	
853	1867,00	1280,00	878,59	-190,59	5,00	2,35	
854	1985,00	1279,00	934,12	-190,12	8,00	3,76	
855	2224,00	1280,00	1046,59	-190,59	6,00	2,82	
856	2428,00	1279,00	1142,59	-190,12	8,00	3,76	
857	1786,00	1280,00	840,47	-190,59	7,00	3,29	
858	2181,00	1280,00	1026,35	-190,59	5,00	2,35	
859	1900,00	1282,00	894,12	-191,53	5,00	2,35	
860	2555,00	1282,00	1202,35	-191,53	5,00	2,35	
861	1811,00	1283,00	852,24	-192,00	6,00	2,82	
862	1551,00	1285,00	729,88	-192,94	28,00	13,18	
863	1764,00	1285,00	830,12	-192,94	7,00	3,29	
864	1921,00	1285,00	904,00	-192,94	5,00	2,35	
865	1957,00	1289,00	920,94	-194,82	7,00	3,29	
866	1655,00	1294,00	778,82	-197,18	23,00	10,82	
867	2148,00	1292,00	1010,82	-196,24	29,00	13,65	
868	2316,00	1293,00	1089,88	-196,71	8,00	3,76	
869	1849,00	1293,00	870,12	-196,71	11,00	5,18	
870	2338,00	1298,00	1100,24	-199,06	7,00	3,29	
871	1496,00	1300,00	704,00	-200,00	5,00	2,35	
872	2505,00	1299,00	1178,82	-199,53	13,00	6,12	
873	1643,00	1304,00	773,18	-201,88	23,00	10,82	
874	2496,00	1304,00	1174,59	-201,88	12,00	5,65	
875	1686,00	1305,00	793,41	-202,35	5,00	2,35	
876	1327,00	1306,00	624,47	-202,82	6,00	2,82	
877	2582,00	1307,00	1215,06	-203,29	7,00	3,29	
878	2351,00	1308,00	1106,35	-203,76	5,00	2,35	
879	2325,00	1309,00	1094,12	-204,24	5,00	2,35	
880	2595,00	1311,00	1221,18	-205,18	5,00	2,35	
881	1709,00	1311,00	804,24	-205,18	6,00	2,82	
882	1935,00	1311,00	910,59	-205,18	12,00	5,65	
883	1953,00	1311,00	919,06	-205,18	9,00	4,24	
884	1972,00	1314,00	928,00	-206,59	6,00	2,82	
885	2347,00	1314,00	1104,47	-206,59	5,00	2,35	
886	2466,00	1312,00	1160,47	-205,65	13,00	6,12	
887	1507,00	1313,00	709,18	-206,12	9,00	4,24	
888	1758,00	1314,00	827,29	-206,59	8,00	3,76	
889	2368,00	1314,00	1114,35	-206,59	8,00	3,76	
890	2524,00	1315,00	1187,76	-207,06	14,00	6,59	
891	2371,00	1315,00	1115,76	-207,06	8,00	3,76	
892	1273,00	1318,00	599,06	-208,47	6,00	2,82	
893	2129,00	1317,00	1001,88	-208,00	23,00	10,82	
894	2218,00	1318,00	1043,76	-208,47	17,00	8,00	
895	2289,00	1317,00	1077,18	-208,00	6,00	2,82	
896	2590,00	1317,00	1218,82	-208,00	6,00	2,82	
897	1303,00	1318,00	613,18	-208,47	6,00	2,82	
898	1845,00	1320,00	868,24	-209,41	5,00	2,35	
899	1811,00	1319,00	852,24	-208,94	5,00	2,35	
900	1905,00	1320,00	896,47	-209,41	10,00	4,71	
901	2579,00	1321,00	1213,65	-209,88	5,00	2,35	
902	1509,00	1323,00	710,12	-210,82	8,00	3,76	
903	2313,00	1326,00	1088,47	-212,24	5,00	2,35	
904	2382,00	1324,00	1120,94	-211,29	5,00	2,35	
905	1515,00	1326,00	712,94	-212,24	7,00	3,29	
906	1800,00	1326,00	847,06	-212,24	6,00	2,82	
907	1323,00	1327,00	622,59	-212,71	12,00	5,65	
908	2271,00	1327,00	1068,71	-212,71	5,00	2,35	
909	2333,00	1328,00	1097,88	-213,18	7,00	3,29	
910	2556,00	1328,00	1202,82	-213,18	7,00	3,29	
911	1606,00	1331,00	755,76	-214,59	10,00	4,71	
912	1798,00	1334,00	846,12	-216,00	6,00	2,82	
913	2273,00	1330,00	1069,65	-214,12	5,00	2,35	
914	1855,00	1331,00	872,94	-214,59	7,00	3,29	
915	2549,00	1334,00	1199,53	-216,00	8,00	3,76	
916	2564,00	1331,00	1206,59	-214,59	5,00	2,35	
917	2036,00	1333,00	958,12	-215,53	33,00	15,53	
918	2296,00	1333,00	1080,47	-215,53	5,00	2,35	
919	2491,00	1334,00	1172,24	-216,00	5,00	2,35	
920	2324,00	1337,00	1093,65	-217,41	8,00	3,76	
921	1965,00	1338,00	924,71	-217,88	9,00	4,24	
922	1669,00	1339,00	785,41	-218,35	8,00	3,76	
923	1817,00	1338,00	855,06	-217,88	5,00	2,35	
924	2369,00	1340,00	1114,82	-218,82	7,00	3,29	
925	1274,00	1340,00	599,53	-218,82	10,00	4,71	
926	2301,00	1342,00	1082,82	-219,76	6,00	2,82	
927	2387,00	1341,00	1123,29	-219,29	5,00	2,35	
928	2529,00	1341,00	1190,12	-219,29	5,00	2,35	
929	1247,00	1341,00	586,82	-219,29	5,00	2,35	
930	1312,00	1341,00	617,41	-219,29	6,00	2,82	
931	1803,00	1341,00	848,47	-219,29	6,00	2,82	
932	2548,00	1341,00	1199,06	-219,29	8,00	3,76	
933	1618,00	1345,00	761,41	-221,18	10,00	4,71	
934	1897,00	1342,00	892,71	-219,76	15,00	7,06	
935	1718,00	1344,00	808,47	-220,71	19,00	8,94	
936	2563,00	1343,00	1206,12	-220,24	5,00	2,35	
937	1581,00	1345,00	744,00	-221,18	8,00	3,76	
938	2547,00	1347,00	1198,59	-222,12	8,00	3,76	
939	1638,00	1347,00	770,82	-222,12	6,00	2,82	
940	2235,00	1349,00	1051,76	-223,06	10,00	4,71	
941	2331,00	1348,00	1096,94	-222,59	6,00	2,82	
942	2403,00	1347,00	1130,82	-222,12	7,00	3,29	
943	2441,00	1348,00	1148,71	-222,59	10,00	4,71	
944	2529,00	1348,00	1190,12	-222,59	5,00	2,35	
945	2579,00	1348,00	1213,65	-222,59	7,00	3,29	
946	1726,00	1349,00	812,24	-223,06	18,00	8,47	
947	2274,00	1350,00	1070,12	-223,53	5,00	2,35	
948	1306,00	1352,00	614,59	-224,47	5,00	2,35	
949	1737,00	1353,00	817,41	-224,94	21,00	9,88	
950	1655,00	1354,00	778,82	-225,41	5,00	2,35	
951	1879,00	1357,00	884,24	-226,82	15,00	7,06	
952	1672,00	1359,00	786,82	-227,76	5,00	2,35	
953	2486,00	1361,00	1169,88	-228,71	9,00	4,24	
954	1264,00	1359,00	594,82	-227,76	9,00	4,24	
955	2372,00	1360,00	1116,24	-228,24	6,00	2,82	
956	2557,00	1361,00	1203,29	-228,71	7,00	3,29	
957	1919,00	1362,00	903,06	-229,18	17,00	8,00	
958	2518,00	1361,00	1184,94	-228,71	8,00	3,76	
959	1511,00	1362,00	711,06	-229,18	8,00	3,76	
960	1529,00	1363,00	719,53	-229,65	9,00	4,24	
961	1815,00	1363,00	854,12	-229,65	10,00	4,71	
962	2426,00	1365,00	1141,65	-230,59	21,00	9,88	
963	1501,00	1365,00	706,35	-230,59	10,00	4,71	
964	2497,00	1365,00	1175,06	-230,59	8,00	3,76	
965	2292,00	1367,00	1078,59	-231,53	10,00	4,71	
966	2502,00	1367,00	1177,41	-231,53	9,00	4,24	
967	2269,00	1368,00	1067,76	-232,00	11,00	5,18	
968	1614,00	1369,00	759,53	-232,47	5,00	2,35	
969	2115,00	1369,00	995,29	-232,47	7,00	3,29	
970	2521,00	1371,00	1186,35	-233,41	6,00	2,82	
971	2547,00	1370,00	1198,59	-232,94	5,00	2,35	
972	1956,00	1372,00	920,47	-233,88	5,00	2,35	
973	2396,00	1373,00	1127,53	-234,35	7,00	3,29	
974	1273,00	1373,00	599,06	-234,35	7,00	3,29	
975	2355,00	1373,00	1108,24	-234,35	9,00	4,24	
976	2142,00	1374,00	1008,00	-234,82	10,00	4,71	
977	1782,00	1375,00	838,59	-235,29	5,00	2,35	
978	1854,00	1377,00	872,47	-236,24	24,00	11,29	
979	2348,00	1377,00	1104,94	-236,24	10,00	4,71	
980	1803,00	1378,00	848,47	-236,71	9,00	4,24	
981	2368,00	1380,00	1114,35	-237,65	5,00	2,35	
982	2161,00	1382,00	1016,94	-238,59	16,00	7,53	
983	2582,00	1382,00	1215,06	-238,59	10,00	4,71	
984	1485,00	1383,00	698,82	-239,06	16,00	7,53	
985	1526,00	1384,00	718,12	-239,53	6,00	2,82	
986	1392,00	1385,00	655,06	-240,00	13,00	6,12	
987	1795,00	1385,00	844,71	-240,00	6,00	2,82	
988	2373,00	1385,00	1116,71	-240,00	5,00	2,35	
989	2125,00	1389,00	1000,00	-241,88	5,00	2,35	
990	2170,00	1388,00	1021,18	-241,41	15,00	7,06	
991	2446,00	1388,00	1151,06	-241,41	5,00	2,35	
992	2572,00	1389,00	1210,35	-241,88	10,00	4,71	
993	1948,00	1390,00	916,71	-242,35	5,00	2,35	
994	2102,00	1392,00	989,18	-243,29	5,00	2,35	
995	2321,00	1392,00	1092,24	-243,29	10,00	4,71	
996	1407,00	1394,00	662,12	-244,24	7,00	3,29	
997	1840,00	1395,00	865,88	-244,71	18,00	8,47	
998	1933,00	1396,00	909,65	-245,18	6,00	2,82	
999	1837,00	1401,00	864,47	-247,53	18,00	8,47	
1000	2527,00	1399,00	1189,18	-246,59	7,00	3,29	
1001	2505,00	1401,00	1178,82	-247,53	8,00	3,76	
1002	1356,00	1402,00	638,12	-248,00	40,00	18,82	
1003	1797,00	1404,00	845,65	-248,94	8,00	3,76	
1004	1976,00	1406,00	929,88	-249,88	12,00	5,65	
1005	2290,00	1405,00	1077,65	-249,41	7,00	3,29	
1006	1324,00	1405,00	623,06	-249,41	36,00	16,94	
1007	1799,00	1407,00	846,59	-250,35	8,00	3,76	
1008	2395,00	1407,00	1127,06	-250,35	15,00	7,06	
1009	1460,00	1408,00	687,06	-250,82	14,00	6,59	
1010	1518,00	1409,00	714,35	-251,29	6,00	2,82	
1011	1885,00	1411,00	887,06	-252,24	14,00	6,59	
1012	1559,00	1410,00	733,65	-251,76	25,00	11,76	
1013	2374,00	1411,00	1117,18	-252,24	16,00	7,53	
1014	1947,00	1417,00	916,24	-255,06	5,00	2,35	
1015	2067,00	1416,00	972,71	-254,59	22,00	10,35	
1016	2440,00	1416,00	1148,24	-254,59	6,00	2,82	
1017	1823,00	1418,00	857,88	-255,53	17,00	8,00	
1018	2033,00	1417,00	956,71	-255,06	26,00	12,24	
1019	2132,00	1422,00	1003,29	-257,41	5,00	2,35	
1020	2346,00	1417,00	1104,00	-255,06	5,00	2,35	
1021	2442,00	1417,00	1149,18	-255,06	6,00	2,82	
1022	2504,00	1417,00	1178,35	-255,06	5,00	2,35	
1023	2109,00	1418,00	992,47	-255,53	5,00	2,35	
1024	2433,00	1419,00	1144,94	-256,00	5,00	2,35	
1025	2561,00	1419,00	1205,18	-256,00	13,00	6,12	
1026	1904,00	1419,00	896,00	-256,00	7,00	3,29	
1027	2146,00	1419,00	1009,88	-256,00	7,00	3,29	
1028	2505,00	1420,00	1178,82	-256,47	5,00	2,35	
1029	2040,00	1421,00	960,00	-256,94	25,00	11,76	
1030	2304,00	1422,00	1084,24	-257,41	5,00	2,35	
1031	1268,00	1425,00	596,71	-258,82	5,00	2,35	
1032	1756,00	1424,00	826,35	-258,35	21,00	9,88	
1033	1424,00	1425,00	670,12	-258,82	5,00	2,35	
1034	2544,00	1424,00	1197,18	-258,35	5,00	2,35	
1035	1536,00	1426,00	722,82	-259,29	13,00	6,12	
1036	2050,00	1426,00	964,71	-259,29	27,00	12,71	
1037	1932,00	1428,00	909,18	-260,24	8,00	3,76	
1038	2288,00	1429,00	1076,71	-260,71	5,00	2,35	
1039	1603,00	1429,00	754,35	-260,71	13,00	6,12	
1040	2399,00	1432,00	1128,94	-262,12	7,00	3,29	
1041	2194,00	1430,00	1032,47	-261,18	16,00	7,53	
1042	1877,00	1434,00	883,29	-263,06	8,00	3,76	
1043	1920,00	1433,00	903,53	-262,59	9,00	4,24	
1044	1267,00	1435,00	596,24	-263,53	7,00	3,29	
1045	2575,00	1435,00	1211,76	-263,53	9,00	4,24	
1046	2554,00	1437,00	1201,88	-264,47	7,00	3,29	
1047	2464,00	1438,00	1159,53	-264,94	8,00	3,76	
1048	2352,00	1441,00	1106,82	-266,35	13,00	6,12	
1049	1591,00	1440,00	748,71	-265,88	14,00	6,59	
1050	1965,00	1440,00	924,71	-265,88	5,00	2,35	
1051	1513,00	1442,00	712,00	-266,82	7,00	3,29	
1052	2193,00	1443,00	1032,00	-267,29	16,00	7,53	
1053	1825,00	1444,00	858,82	-267,76	14,00	6,59	
1054	2142,00	1446,00	1008,00	-268,71	6,00	2,82	
1055	2484,00	1444,00	1168,94	-267,76	5,00	2,35	
1056	1752,00	1445,00	824,47	-268,24	12,00	5,65	
1057	1569,00	1446,00	738,35	-268,71	7,00	3,29	
1058	2505,00	1447,00	1178,82	-269,18	5,00	2,35	
1059	2529,00	1447,00	1190,12	-269,18	6,00	2,82	
1060	1983,00	1448,00	933,18	-269,65	9,00	4,24	
1061	1260,00	1450,00	592,94	-270,59	9,00	4,24	
1062	2059,00	1449,00	968,94	-270,12	17,00	8,00	
1063	1977,00	1453,00	930,35	-272,00	10,00	4,71	
1064	1522,00	1456,00	716,24	-273,41	15,00	7,06	
1065	2550,00	1455,00	1200,00	-272,94	9,00	4,24	
1066	2514,00	1459,00	1183,06	-274,82	10,00	4,71	
1067	1280,00	1456,00	602,35	-273,41	9,00	4,24	
1068	2358,00	1457,00	1109,65	-273,88	9,00	4,24	
1069	2576,00	1457,00	1212,24	-273,88	5,00	2,35	
1070	2257,00	1458,00	1062,12	-274,35	6,00	2,82	
1071	1293,00	1459,00	608,47	-274,82	6,00	2,82	
1072	1594,00	1459,00	750,12	-274,82	8,00	3,76	
1073	2362,00	1459,00	1111,53	-274,82	9,00	4,24	
1074	2474,00	1459,00	1164,24	-274,82	5,00	2,35	
1075	1809,00	1461,00	851,29	-275,76	12,00	5,65	
1076	2065,00	1460,00	971,76	-275,29	21,00	9,88	
1077	2243,00	1460,00	1055,53	-275,29	10,00	4,71	
1078	1872,00	1461,00	880,94	-275,76	9,00	4,24	
1079	2188,00	1461,00	1029,65	-275,76	18,00	8,47	
1080	2455,00	1461,00	1155,29	-275,76	8,00	3,76	
1081	2271,00	1462,00	1068,71	-276,24	11,00	5,18	
1082	1898,00	1463,00	893,18	-276,71	5,00	2,35	
1083	1879,00	1465,00	884,24	-277,65	9,00	4,24	
1084	1464,00	1466,00	688,94	-278,12	15,00	7,06	
1085	1339,00	1467,00	630,12	-278,59	5,00	2,35	
1086	1970,00	1468,00	927,06	-279,06	7,00	3,29	
1087	2381,00	1468,00	1120,47	-279,06	13,00	6,12	
1088	1463,00	1469,00	688,47	-279,53	15,00	7,06	
1089	1556,00	1470,00	732,24	-280,00	6,00	2,82	
1090	2107,00	1475,00	991,53	-282,35	23,00	10,82	
1091	2225,00	1474,00	1047,06	-281,88	5,00	2,35	
1092	1402,00	1475,00	659,76	-282,35	5,00	2,35	
1093	2384,00	1473,00	1121,88	-281,41	13,00	6,12	
1094	1783,00	1477,00	839,06	-283,29	6,00	2,82	
1095	1926,00	1480,00	906,35	-284,71	7,00	3,29	
1096	1436,00	1479,00	675,76	-284,24	5,00	2,35	
1097	2145,00	1479,00	1009,41	-284,24	10,00	4,71	
1098	1491,00	1482,00	701,65	-285,65	5,00	2,35	
1099	1327,00	1482,00	624,47	-285,65	6,00	2,82	
1100	2239,00	1483,00	1053,65	-286,12	5,00	2,35	
1101	1361,00	1486,00	640,47	-287,53	14,00	6,59	
1102	1420,00	1485,00	668,24	-287,06	6,00	2,82	
1103	1568,00	1486,00	737,88	-287,53	5,00	2,35	
1104	1794,00	1490,00	844,24	-289,41	5,00	2,35	
1105	2116,00	1490,00	995,76	-289,41	22,00	10,35	
1106	1807,00	1489,00	850,35	-288,94	5,00	2,35	
1107	1840,00	1489,00	865,88	-288,94	5,00	2,35	
1108	1461,00	1493,00	687,53	-290,82	8,00	3,76	
1109	1476,00	1491,00	694,59	-289,88	5,00	2,35	
1110	1924,00	1491,00	905,41	-289,88	5,00	2,35	
1111	2413,00	1492,00	1135,53	-290,35	26,00	12,24	
1112	1478,00	1492,00	695,53	-290,35	5,00	2,35	
1113	1373,00	1493,00	646,12	-290,82	11,00	5,18	
1114	2186,00	1494,00	1028,71	-291,29	12,00	5,65	
1115	2562,00	1495,00	1205,65	-291,76	9,00	4,24	
1116	1520,00	1496,00	715,29	-292,24	5,00	2,35	
1117	1621,00	1497,00	762,82	-292,71	8,00	3,76	
1118	2298,00	1501,00	1081,41	-294,59	32,00	15,06	
1119	1801,00	1500,00	847,53	-294,12	7,00	3,29	
1120	1820,00	1501,00	856,47	-294,59	6,00	2,82	
1121	1318,00	1502,00	620,24	-295,06	5,00	2,35	
1122	1457,00	1503,00	685,65	-295,53	8,00	3,76	
1123	1870,00	1504,00	880,00	-296,00	8,00	3,76	
1124	1330,00	1505,00	625,88	-296,47	7,00	3,29	
1125	1327,00	1506,00	624,47	-296,94	7,00	3,29	
1126	1337,00	1506,00	629,18	-296,94	7,00	3,29	
1127	1429,00	1510,00	672,47	-298,82	5,00	2,35	
1128	1871,00	1507,00	880,47	-297,41	8,00	3,76	
1129	1506,00	1508,00	708,71	-297,88	9,00	4,24	
1130	1533,00	1509,00	721,41	-298,35	8,00	3,76	
1131	1380,00	1513,00	649,41	-300,24	10,00	4,71	
1132	1563,00	1510,00	735,53	-298,82	14,00	6,59	
1133	2465,00	1510,00	1160,00	-298,82	10,00	4,71	
1134	2530,00	1513,00	1190,59	-300,24	8,00	3,76	
1135	2254,00	1514,00	1060,71	-300,71	11,00	5,18	
1136	1415,00	1516,00	665,88	-301,65	6,00	2,82	
1137	1474,00	1518,00	693,65	-302,59	6,00	2,82	
1138	1787,00	1515,00	840,94	-301,18	5,00	2,35	
1139	1833,00	1515,00	862,59	-301,18	5,00	2,35	
1140	1996,00	1516,00	939,29	-301,65	15,00	7,06	
1141	1552,00	1517,00	730,35	-302,12	11,00	5,18	
1142	1995,00	1520,00	938,82	-303,53	15,00	7,06	
1143	1544,00	1523,00	726,59	-304,94	12,00	5,65	
1144	1825,00	1524,00	858,82	-305,41	5,00	2,35	
1145	2035,00	1522,00	957,65	-304,47	19,00	8,94	
1146	1395,00	1523,00	656,47	-304,94	12,00	5,65	
1147	1902,00	1523,00	895,06	-304,94	22,00	10,35	
1148	2180,00	1523,00	1025,88	-304,94	9,00	4,24	
1149	2221,00	1523,00	1045,18	-304,94	17,00	8,00	
1150	2071,00	1525,00	974,59	-305,88	8,00	3,76	
1151	2308,00	1525,00	1086,12	-305,88	26,00	12,24	
1152	2467,00	1525,00	1160,94	-305,88	6,00	2,82	
1153	1946,00	1531,00	915,76	-308,71	5,00	2,35	
1154	1988,00	1534,00	935,53	-310,12	15,00	7,06	
1155	2504,00	1530,00	1178,35	-308,24	14,00	6,59	
1156	1932,00	1531,00	909,18	-308,71	6,00	2,82	
1157	1793,00	1532,00	843,76	-309,18	13,00	6,12	
1158	1482,00	1534,00	697,41	-310,12	6,00	2,82	
1159	2550,00	1535,00	1200,00	-310,59	8,00	3,76	
1160	1869,00	1536,00	879,53	-311,06	6,00	2,82	
1161	2526,00	1536,00	1188,71	-311,06	5,00	2,35	
1162	1598,00	1537,00	752,00	-311,53	8,00	3,76	
1163	2122,00	1537,00	998,59	-311,53	25,00	11,76	
1164	1565,00	1538,00	736,47	-312,00	6,00	2,82	
1165	2313,00	1539,00	1088,47	-312,47	28,00	13,18	
1166	2370,00	1538,00	1115,29	-312,00	7,00	3,29	
1167	1501,00	1539,00	706,35	-312,47	7,00	3,29	
1168	2224,00	1541,00	1046,59	-313,41	19,00	8,94	
1169	1479,00	1547,00	696,00	-316,24	7,00	3,29	
1170	1642,00	1543,00	772,71	-314,35	25,00	11,76	
1171	1511,00	1545,00	711,06	-315,29	5,00	2,35	
1172	2057,00	1545,00	968,00	-315,29	10,00	4,71	
1173	1496,00	1546,00	704,00	-315,76	7,00	3,29	
1174	1628,00	1546,00	766,12	-315,76	24,00	11,29	
1175	2039,00	1548,00	959,53	-316,71	13,00	6,12	
1176	1835,00	1547,00	863,53	-316,24	6,00	2,82	
1177	2446,00	1547,00	1151,06	-316,24	10,00	4,71	
1178	2575,00	1548,00	1211,76	-316,71	8,00	3,76	
1179	2200,00	1549,00	1035,29	-317,18	12,00	5,65	
1180	2228,00	1549,00	1048,47	-317,18	18,00	8,47	
1181	2425,00	1549,00	1141,18	-317,18	6,00	2,82	
1182	1884,00	1551,00	886,59	-318,12	12,00	5,65	
1183	2229,00	1552,00	1048,94	-318,59	18,00	8,47	
1184	2483,00	1552,00	1168,47	-318,59	9,00	4,24	
1185	1883,00	1554,00	886,12	-319,53	12,00	5,65	
1186	1512,00	1554,00	711,53	-319,53	5,00	2,35	
1187	2327,00	1554,00	1095,06	-319,53	27,00	12,71	
1188	1425,00	1555,00	670,59	-320,00	9,00	4,24	
1189	2328,00	1557,00	1095,53	-320,94	27,00	12,71	
1190	1885,00	1564,00	887,06	-324,24	12,00	5,65	
1191	1466,00	1568,00	689,88	-326,12	5,00	2,35	
1192	1409,00	1571,00	663,06	-327,53	5,00	2,35	
1193	1507,00	1568,00	709,18	-326,12	6,00	2,82	
1194	1559,00	1568,00	733,65	-326,12	5,00	2,35	
1195	2538,00	1568,00	1194,35	-326,12	6,00	2,82	
1196	1939,00	1570,00	912,47	-327,06	9,00	4,24	
1197	1424,00	1572,00	670,12	-328,00	7,00	3,29	
1198	1985,00	1574,00	934,12	-328,94	27,00	12,71	
1199	2243,00	1574,00	1055,53	-328,94	10,00	4,71	
1200	2063,00	1576,00	970,82	-329,88	5,00	2,35	
1201	2323,00	1578,00	1093,18	-330,82	23,00	10,82	
1202	1539,00	1577,00	724,24	-330,35	6,00	2,82	
1203	2161,00	1577,00	1016,94	-330,35	6,00	2,82	
1204	2602,00	1578,00	1224,47	-330,82	10,00	4,71	
1205	1577,00	1578,00	742,12	-330,82	7,00	3,29	
1206	1918,00	1578,00	902,59	-330,82	7,00	3,29	
1207	1485,00	1579,00	698,82	-331,29	11,00	5,18	
1208	1509,00	1579,00	710,12	-331,29	7,00	3,29	
1209	1847,00	1580,00	869,18	-331,76	14,00	6,59	
1210	2048,00	1580,00	963,76	-331,76	9,00	4,24	
1211	2367,00	1581,00	1113,88	-332,24	5,00	2,35	
1212	2256,00	1583,00	1061,65	-333,18	5,00	2,35	
1213	1430,00	1583,00	672,94	-333,18	8,00	3,76	
1214	2131,00	1583,00	1002,82	-333,18	5,00	2,35	
1215	1549,00	1584,00	728,94	-333,65	6,00	2,82	
1216	2126,00	1584,00	1000,47	-333,65	5,00	2,35	
1217	2287,00	1585,00	1076,24	-334,12	5,00	2,35	
1218	2187,00	1587,00	1029,18	-335,06	6,00	2,82	
1219	1403,00	1592,00	660,24	-337,41	6,00	2,82	
1220	2448,00	1589,00	1152,00	-336,00	5,00	2,35	
1221	1826,00	1590,00	859,29	-336,47	5,00	2,35	
1222	2070,00	1590,00	974,12	-336,47	7,00	3,29	
1223	2150,00	1590,00	1011,76	-336,47	5,00	2,35	
1224	2589,00	1591,00	1218,35	-336,94	5,00	2,35	
1225	2164,00	1592,00	1018,35	-337,41	6,00	2,82	
1226	1414,00	1594,00	665,41	-338,35	5,00	2,35	
1227	2135,00	1594,00	1004,71	-338,35	7,00	3,29	
1228	2157,00	1594,00	1015,06	-338,35	6,00	2,82	
1229	1830,00	1597,00	861,18	-339,76	6,00	2,82	
1230	2364,00	1599,00	1112,47	-340,71	10,00	4,71	
1231	2620,00	1600,00	1232,94	-341,18	6,00	2,82	
1232	2204,00	1601,00	1037,18	-341,65	14,00	6,59	
1233	2248,00	1603,00	1057,88	-342,59	6,00	2,82	
1234	2487,00	1602,00	1170,35	-342,12	23,00	10,82	
1235	2535,00	1602,00	1192,94	-342,12	9,00	4,24	
1236	1893,00	1604,00	890,82	-343,06	5,00	2,35	
1237	2626,00	1606,00	1235,76	-344,00	6,00	2,82	
1238	1839,00	1608,00	865,41	-344,94	5,00	2,35	
1239	2274,00	1608,00	1070,12	-344,94	6,00	2,82	
1240	2291,00	1608,00	1078,12	-344,94	7,00	3,29	
1241	2565,00	1608,00	1207,06	-344,94	5,00	2,35	
1242	2347,00	1611,00	1104,47	-346,35	8,00	3,76	
1243	2238,00	1611,00	1053,18	-346,35	7,00	3,29	
1244	1915,00	1615,00	901,18	-348,24	5,00	2,35	
1245	2037,00	1612,00	958,59	-346,82	8,00	3,76	
1246	2024,00	1616,00	952,47	-348,71	8,00	3,76	
1247	2299,00	1616,00	1081,88	-348,71	8,00	3,76	
1248	1891,00	1617,00	889,88	-349,18	5,00	2,35	
1249	2377,00	1617,00	1118,59	-349,18	5,00	2,35	
1250	2520,00	1617,00	1185,88	-349,18	7,00	3,29	
1251	2593,00	1617,00	1220,24	-349,18	6,00	2,82	
1252	2480,00	1618,00	1167,06	-349,65	27,00	12,71	
1253	2608,00	1619,00	1227,29	-350,12	5,00	2,35	
1254	2178,00	1623,00	1024,94	-352,00	11,00	5,18	
1255	2464,00	1622,00	1159,53	-351,53	24,00	11,29	
1256	2319,00	1624,00	1091,29	-352,47	5,00	2,35	
1257	2431,00	1624,00	1144,00	-352,47	6,00	2,82	
1258	1937,00	1626,00	911,53	-353,41	7,00	3,29	
1259	1910,00	1627,00	898,82	-353,88	5,00	2,35	
1260	2058,00	1628,00	968,47	-354,35	17,00	8,00	
1261	2341,00	1629,00	1101,65	-354,82	11,00	5,18	
1262	2192,00	1630,00	1031,53	-355,29	5,00	2,35	
1263	2567,00	1630,00	1208,00	-355,29	10,00	4,71	
1264	1897,00	1632,00	892,71	-356,24	5,00	2,35	
1265	2128,00	1631,00	1001,41	-355,76	19,00	8,94	
1266	2117,00	1632,00	996,24	-356,24	19,00	8,94	
1267	2619,00	1633,00	1232,47	-356,71	8,00	3,76	
1268	1867,00	1635,00	878,59	-357,65	17,00	8,00	
1269	2348,00	1636,00	1104,94	-358,12	10,00	4,71	
1270	2199,00	1639,00	1034,82	-359,53	8,00	3,76	
1271	2553,00	1640,00	1201,41	-360,00	10,00	4,71	
1272	2550,00	1641,00	1200,00	-360,47	10,00	4,71	
1273	2373,00	1642,00	1116,71	-360,94	5,00	2,35	
1274	2507,00	1644,00	1179,76	-361,88	5,00	2,35	
1275	2590,00	1645,00	1218,82	-362,35	6,00	2,82	
1276	1935,00	1645,00	910,59	-362,35	12,00	5,65	
1277	2095,00	1648,00	985,88	-363,76	6,00	2,82	
1278	2625,00	1649,00	1235,29	-364,24	5,00	2,35	
1279	2358,00	1652,00	1109,65	-365,65	8,00	3,76	
1280	2415,00	1652,00	1136,47	-365,65	7,00	3,29	
1281	1945,00	1653,00	915,29	-366,12	13,00	6,12	
1282	1898,00	1659,00	893,18	-368,94	8,00	3,76	
1283	2130,00	1659,00	1002,35	-368,94	6,00	2,82	
1284	2193,00	1659,00	1032,00	-368,94	7,00	3,29	
1285	2532,00	1662,00	1191,53	-370,35	17,00	8,00	
1286	2129,00	1662,00	1001,88	-370,35	6,00	2,82	
1287	2574,00	1664,00	1211,29	-371,29	8,00	3,76	
1288	2603,00	1664,00	1224,94	-371,29	9,00	4,24	
1289	1913,00	1665,00	900,24	-371,76	6,00	2,82	
1290	2112,00	1666,00	993,88	-372,24	7,00	3,29	
1291	2420,00	1670,00	1138,82	-374,12	6,00	2,82	
1292	2201,00	1671,00	1035,76	-374,59	10,00	4,71	
1293	2080,00	1672,00	978,82	-375,06	9,00	4,24	
1294	2481,00	1673,00	1167,53	-375,53	8,00	3,76	
1295	1934,00	1674,00	910,12	-376,00	6,00	2,82	
1296	2108,00	1679,00	992,00	-378,35	5,00	2,35	
1297	2160,00	1677,00	1016,47	-377,41	10,00	4,71	
1298	2615,00	1677,00	1230,59	-377,41	8,00	3,76	
1299	2052,00	1678,00	965,65	-377,88	5,00	2,35	
1300	2442,00	1678,00	1149,18	-377,88	8,00	3,76	
1301	2624,00	1679,00	1234,82	-378,35	8,00	3,76	
1302	2142,00	1681,00	1008,00	-379,29	10,00	4,71	
1303	2498,00	1680,00	1175,53	-378,82	5,00	2,35	
1304	2554,00	1680,00	1201,88	-378,82	5,00	2,35	
1305	2407,00	1684,00	1132,71	-380,71	10,00	4,71	
1306	2453,00	1686,00	1154,35	-381,65	8,00	3,76	
1307	2494,00	1687,00	1173,65	-382,12	6,00	2,82	
1308	2337,00	1693,00	1099,76	-384,94	7,00	3,29	
1309	2355,00	1689,00	1108,24	-383,06	6,00	2,82	
1310	2500,00	1693,00	1176,47	-384,94	6,00	2,82	
1311	2076,00	1693,00	976,94	-384,94	6,00	2,82	
1312	2370,00	1694,00	1115,29	-385,41	6,00	2,82	
1313	2101,00	1697,00	988,71	-386,82	6,00	2,82	
1314	2191,00	1700,00	1031,06	-388,24	5,00	2,35	
1315	2444,00	1702,00	1150,12	-389,18	5,00	2,35	
1316	2460,00	1702,00	1157,65	-389,18	8,00	3,76	
1317	2535,00	1701,00	1192,94	-388,71	10,00	4,71	
1318	2050,00	1702,00	964,71	-389,18	10,00	4,71	
1319	2200,00	1702,00	1035,29	-389,18	6,00	2,82	
1320	2332,00	1703,00	1097,41	-389,65	7,00	3,29	
1321	2388,00	1703,00	1123,76	-389,65	11,00	5,18	
1322	2098,00	1704,00	987,29	-390,12	8,00	3,76	
1323	2173,00	1706,00	1022,59	-391,06	7,00	3,29	
1324	2169,00	1707,00	1020,71	-391,53	7,00	3,29	
1325	2519,00	1711,00	1185,41	-393,41	9,00	4,24	
1326	2337,00	1716,00	1099,76	-395,76	6,00	2,82	
1327	2395,00	1716,00	1127,06	-395,76	14,00	6,59	
1328	2292,00	1721,00	1078,59	-398,12	5,00	2,35	
1329	2434,00	1717,00	1145,41	-396,24	8,00	3,76	
1330	2048,00	1719,00	963,76	-397,18	6,00	2,82	
1331	2097,00	1723,00	986,82	-399,06	5,00	2,35	
1332	2145,00	1722,00	1009,41	-398,59	15,00	7,06	
1333	2350,00	1724,00	1105,88	-399,53	5,00	2,35	
1334	2442,00	1725,00	1149,18	-400,00	6,00	2,82	
1335	2461,00	1725,00	1158,12	-400,00	10,00	4,71	
1336	2072,00	1729,00	975,06	-401,88	15,00	7,06	
1337	2278,00	1731,00	1072,00	-402,82	5,00	2,35	
1338	2032,00	1735,00	956,24	-404,71	11,00	5,18	
1339	2198,00	1735,00	1034,35	-404,71	12,00	5,65	
1340	2390,00	1737,00	1124,71	-405,65	12,00	5,65	
1341	2028,00	1742,00	954,35	-408,00	12,00	5,65	
1342	2178,00	1740,00	1024,94	-407,06	5,00	2,35	
1343	2115,00	1742,00	995,29	-408,00	5,00	2,35	
1344	2381,00	1743,00	1120,47	-408,47	12,00	5,65	
1345	2355,00	1745,00	1108,24	-409,41	7,00	3,29	
1346	2473,00	1749,00	1163,76	-411,29	6,00	2,82	
1347	2147,00	1747,00	1010,35	-410,35	12,00	5,65	
1348	2184,00	1750,00	1027,76	-411,76	5,00	2,35	
1349	2443,00	1750,00	1149,65	-411,76	9,00	4,24	
1350	2266,00	1751,00	1066,35	-412,24	6,00	2,82	
1351	2282,00	1751,00	1073,88	-412,24	8,00	3,76	
1352	2378,00	1753,00	1119,06	-413,18	12,00	5,65	
1353	2150,00	1756,00	1011,76	-414,59	12,00	5,65	
1354	2432,00	1756,00	1144,47	-414,59	7,00	3,29	
1355	2117,00	1760,00	996,24	-416,47	7,00	3,29	
1356	2303,00	1762,00	1083,76	-417,41	13,00	6,12	
1357	2326,00	1761,00	1094,59	-416,94	5,00	2,35	
1358	2046,00	1763,00	962,82	-417,88	5,00	2,35	
1359	2320,00	1762,00	1091,76	-417,41	5,00	2,35	
1360	2230,00	1767,00	1049,41	-419,76	6,00	2,82	
1361	2018,00	1767,00	949,65	-419,76	8,00	3,76	
1362	2495,00	1770,00	1174,12	-421,18	5,00	2,35	
1363	2028,00	1773,00	954,35	-422,59	10,00	4,71	
1364	2369,00	1771,00	1114,82	-421,65	5,00	2,35	
1365	2479,00	1773,00	1166,59	-422,59	5,00	2,35	
1366	2513,00	1776,00	1182,59	-424,00	10,00	4,71	
1367	2122,00	1776,00	998,59	-424,00	5,00	2,35	
1368	2110,00	1778,00	992,94	-424,94	8,00	3,76	
1369	2332,00	1778,00	1097,41	-424,94	5,00	2,35	
1370	2179,00	1781,00	1025,41	-426,35	6,00	2,82	
1371	2505,00	1780,00	1178,82	-425,88	9,00	4,24	
1372	2152,00	1781,00	1012,71	-426,35	6,00	2,82	
1373	2261,00	1781,00	1064,00	-426,35	16,00	7,53	
1374	2500,00	1781,00	1176,47	-426,35	9,00	4,24	
1375	2316,00	1785,00	1089,88	-428,24	6,00	2,82	
1376	2125,00	1787,00	1000,00	-429,18	5,00	2,35	
1377	2203,00	1788,00	1036,71	-429,65	6,00	2,82	
1378	2175,00	1788,00	1023,53	-429,65	8,00	3,76	
1379	2340,00	1789,00	1101,18	-430,12	7,00	3,29	
1380	2462,00	1790,00	1158,59	-430,59	10,00	4,71	
1381	2104,00	1790,00	990,12	-430,59	7,00	3,29	
1382	2136,00	1792,00	1005,18	-431,53	7,00	3,29	
1383	2392,00	1790,00	1125,65	-430,59	15,00	7,06	
1384	2053,00	1792,00	966,12	-431,53	12,00	5,65	
1385	2383,00	1795,00	1121,41	-432,94	16,00	7,53	
1386	2063,00	1796,00	970,82	-433,41	8,00	3,76	
1387	2436,00	1796,00	1146,35	-433,41	8,00	3,76	
1388	2066,00	1797,00	972,24	-433,88	8,00	3,76	
1389	2235,00	1798,00	1051,76	-434,35	11,00	5,18	
1390	2179,00	1802,00	1025,41	-436,24	8,00	3,76	
1391	2315,00	1804,00	1089,41	-437,18	5,00	2,35	
1392	2465,00	1805,00	1160,00	-437,65	12,00	5,65	
1393	2354,00	1807,00	1107,76	-438,59	5,00	2,35	
1394	2518,00	1810,00	1184,94	-440,00	5,00	2,35	
1395	2084,00	1810,00	980,71	-440,00	9,00	4,24	
1396	2148,00	1811,00	1010,82	-440,47	11,00	5,18	
1397	2219,00	1812,00	1044,24	-440,94	15,00	7,06	
1398	2101,00	1813,00	988,71	-441,41	5,00	2,35	
1399	2502,00	1816,00	1177,41	-442,82	8,00	3,76	
1400	2440,00	1817,00	1148,24	-443,29	6,00	2,82	
1401	2418,00	1817,00	1137,88	-443,29	7,00	3,29	
1402	2283,00	1820,00	1074,35	-444,71	6,00	2,82	
1403	2508,00	1821,00	1180,24	-445,18	8,00	3,76	
1404	2257,00	1822,00	1062,12	-445,65	5,00	2,35	
1405	2124,00	1824,00	999,53	-446,59	5,00	2,35	
1406	2487,00	1828,00	1170,35	-448,47	5,00	2,35	
1407	2222,00	1834,00	1045,65	-451,29	17,00	8,00	
1408	2103,00	1833,00	989,65	-450,82	7,00	3,29	
1409	2292,00	1837,00	1078,59	-452,71	8,00	3,76	
1410	2314,00	1840,00	1088,94	-454,12	6,00	2,82	
1411	2291,00	1841,00	1078,12	-454,59	8,00	3,76	
1412	2265,00	1843,00	1065,88	-455,53	5,00	2,35	
1413	2393,00	1843,00	1126,12	-455,53	5,00	2,35	
1414	2219,00	1849,00	1044,24	-458,35	17,00	8,00	
1415	2287,00	1847,00	1076,24	-457,41	9,00	4,24	
1416	2130,00	1847,00	1002,35	-457,41	8,00	3,76	
1417	2129,00	1850,00	1001,88	-458,82	8,00	3,76	
1418	2321,00	1852,00	1092,24	-459,76	6,00	2,82	
1419	2039,00	1853,00	959,53	-460,24	5,00	2,35	
1420	2148,00	1855,00	1010,82	-461,18	8,00	3,76	
1421	2156,00	1856,00	1014,59	-461,65	8,00	3,76	
1422	2120,00	1860,00	997,65	-463,53	10,00	4,71	
1423	2178,00	1856,00	1024,94	-461,65	7,00	3,29	
1424	2187,00	1860,00	1029,18	-463,53	7,00	3,29	
1425	2373,00	1861,00	1116,71	-464,00	7,00	3,29	
1426	2053,00	1863,00	966,12	-464,94	10,00	4,71	
1427	2433,00	1866,00	1144,94	-466,35	10,00	4,71	
1428	2022,00	1868,00	951,53	-467,29	10,00	4,71	
1429	2082,00	1868,00	979,76	-467,29	11,00	5,18	
1430	2400,00	1868,00	1129,41	-467,29	20,00	9,41	
1431	2336,00	1870,00	1099,29	-468,24	11,00	5,18	
1432	2360,00	1872,00	1110,59	-469,18	10,00	4,71	
1433	2230,00	1871,00	1049,41	-468,71	18,00	8,47	
1434	2007,00	1875,00	944,47	-470,59	5,00	2,35	
1435	2264,00	1876,00	1065,41	-471,06	5,00	2,35	
1436	2005,00	1880,00	943,53	-472,94	5,00	2,35	
1437	2439,00	1883,00	1147,76	-474,35	12,00	5,65	
1438	2385,00	1884,00	1122,35	-474,82	10,00	4,71	
1439	2180,00	1890,00	1025,88	-477,65	5,00	2,35	
1440	2293,00	1891,00	1079,06	-478,12	6,00	2,82	
1441	2061,00	1894,00	969,88	-479,53	7,00	3,29	
1442	2079,00	1899,00	978,35	-481,88	8,00	3,76	
1443	2041,00	1903,00	960,47	-483,76	9,00	4,24	
1444	2226,00	1905,00	1047,53	-484,71	7,00	3,29	
1445	2310,00	1903,00	1087,06	-483,76	11,00	5,18	
1446	2285,00	1904,00	1075,29	-484,24	7,00	3,29	
1447	2081,00	1905,00	979,29	-484,71	9,00	4,24	
1448	2153,00	1906,00	1013,18	-485,18	20,00	9,41	
1449	2252,00	1908,00	1059,76	-486,12	9,00	4,24	
1450	2382,00	1907,00	1120,94	-485,65	7,00	3,29	
1451	2214,00	1908,00	1041,88	-486,12	5,00	2,35	
1452	2282,00	1908,00	1073,88	-486,12	7,00	3,29	
1453	2034,00	1912,00	957,18	-488,00	9,00	4,24	
1454	2384,00	1910,00	1121,88	-487,06	7,00	3,29	
1455	2347,00	1913,00	1104,47	-488,47	5,00	2,35	
1456	2321,00	1912,00	1092,24	-488,00	8,00	3,76	
1457	2003,00	1914,00	942,59	-488,94	13,00	6,12	
1458	2417,00	1915,00	1137,41	-489,41	5,00	2,35	
1459	2436,00	1914,00	1146,35	-488,94	6,00	2,82	
1460	2298,00	1916,00	1081,41	-489,88	9,00	4,24	
1461	2226,00	1918,00	1047,53	-490,82	6,00	2,82	
1462	2423,00	1918,00	1140,24	-490,82	5,00	2,35	
1463	2388,00	1919,00	1123,76	-491,29	6,00	2,82	
1464	2337,00	1920,00	1099,76	-491,76	6,00	2,82	
1465	2068,00	1923,00	973,18	-493,18	14,00	6,59	
1466	2239,00	1925,00	1053,65	-494,12	8,00	3,76	
1467	2122,00	1929,00	998,59	-496,00	11,00	5,18	
1468	2125,00	1932,00	1000,00	-497,41	11,00	5,18	
1469	2332,00	1931,00	1097,41	-496,94	5,00	2,35	
1470	2129,00	1935,00	1001,88	-498,82	11,00	5,18	
1471	2334,00	1936,00	1098,35	-499,29	6,00	2,82	
1472	2065,00	1939,00	971,76	-500,71	11,00	5,18	
1473	2344,00	1939,00	1103,06	-500,71	5,00	2,35	
1474	2328,00	1942,00	1095,53	-502,12	7,00	3,29	
1475	2326,00	1943,00	1094,59	-502,59	7,00	3,29	
1476	2101,00	1945,00	988,71	-503,53	6,00	2,82	
1477	2387,00	1946,00	1123,29	-504,00	6,00	2,82	
1478	2224,00	1946,00	1046,59	-504,00	5,00	2,35	
1479	2216,00	1950,00	1042,82	-505,88	5,00	2,35	
1480	2323,00	1950,00	1093,18	-505,88	6,00	2,82	
1481	2353,00	1963,00	1107,29	-512,00	7,00	3,29	
1482	2298,00	1968,00	1081,41	-514,35	21,00	9,88	
1483	2072,00	1971,00	975,06	-515,76	6,00	2,82	
1484	2172,00	1971,00	1022,12	-515,76	5,00	2,35	
1485	2155,00	1976,00	1014,12	-518,12	5,00	2,35	
1486	2188,00	1980,00	1029,65	-520,00	11,00	5,18	
1487	2032,00	1984,00	956,24	-521,88	27,00	12,71	
1488	1986,00	1990,00	934,59	-524,71	8,00	3,76	
1489	2362,00	1993,00	1111,53	-526,12	10,00	4,71	
1490	2398,00	1994,00	1128,47	-526,59	7,00	3,29	
1491	2112,00	2001,00	993,88	-529,88	25,00	11,76	
1492	2345,00	2000,00	1103,53	-529,41	6,00	2,82	
1493	2412,00	2001,00	1135,06	-529,88	6,00	2,82	
1494	2177,00	2004,00	1024,47	-531,29	6,00	2,82	
1495	2160,00	2011,00	1016,47	-534,59	5,00	2,35	
1496	2418,00	2009,00	1137,88	-533,65	8,00	3,76	
1497	2183,00	2014,00	1027,29	-536,00	6,00	2,82	
1498	2206,00	2015,00	1038,12	-536,47	5,00	2,35	
1499	2059,00	2018,00	968,94	-537,88	15,00	7,06	
1500	2321,00	2020,00	1092,24	-538,82	5,00	2,35	
1501	2181,00	2019,00	1026,35	-538,35	6,00	2,82	
1502	2177,00	2020,00	1024,47	-538,82	6,00	2,82	
1503	2105,00	2023,00	990,59	-540,24	24,00	11,29	
1504	2358,00	2026,00	1109,65	-541,65	5,00	2,35	
1505	2151,00	2023,00	1012,24	-540,24	5,00	2,35	
1506	2310,00	2027,00	1087,06	-542,12	5,00	2,35	
1507	2346,00	2033,00	1104,00	-544,94	5,00	2,35	
1508	2166,00	2034,00	1019,29	-545,41	5,00	2,35	
1509	2356,00	2033,00	1108,71	-544,94	5,00	2,35	
1510	2405,00	2034,00	1131,76	-545,41	7,00	3,29	
1511	2190,00	2037,00	1030,59	-546,82	5,00	2,35	
1512	2375,00	2038,00	1117,65	-547,29	11,00	5,18	
1513	2323,00	2042,00	1093,18	-549,18	5,00	2,35	
1514	2389,00	2040,00	1124,24	-548,24	10,00	4,71	
1515	2160,00	2042,00	1016,47	-549,18	5,00	2,35	
1516	2132,00	2047,00	1003,29	-551,53	6,00	2,82	
1517	2175,00	2048,00	1023,53	-552,00	7,00	3,29	
1518	2329,00	2056,00	1096,00	-555,76	5,00	2,35	
1519	2042,00	2060,00	960,94	-557,65	9,00	4,24	
1520	2340,00	2064,00	1101,18	-559,53	5,00	2,35	
1521	2059,00	2062,00	968,94	-558,59	5,00	2,35	
1522	2367,00	2063,00	1113,88	-559,06	7,00	3,29	
1523	2327,00	2067,00	1095,06	-560,94	6,00	2,82	
1524	2220,00	2071,00	1044,71	-562,82	7,00	3,29	
1525	2198,00	2072,00	1034,35	-563,29	7,00	3,29	
1526	2099,00	2075,00	987,76	-564,71	9,00	4,24	
1527	2039,00	2077,00	959,53	-565,65	11,00	5,18	
1528	2168,00	2082,00	1020,24	-568,00	8,00	3,76	
1529	2253,00	2082,00	1060,24	-568,00	5,00	2,35	
1530	2057,00	2084,00	968,00	-568,94	5,00	2,35	
1531	2125,00	2086,00	1000,00	-569,88	6,00	2,82	
1532	2164,00	2087,00	1018,35	-570,35	8,00	3,76	
1533	2241,00	2087,00	1054,59	-570,35	8,00	3,76	
1534	2142,00	2089,00	1008,00	-571,29	11,00	5,18	
1535	2366,00	2089,00	1113,41	-571,29	5,00	2,35	
1536	2227,00	2094,00	1048,00	-573,65	6,00	2,82	
1537	2080,00	2098,00	978,82	-575,53	8,00	3,76	
1538	2145,00	2103,00	1009,41	-577,88	8,00	3,76	
1539	2181,00	2106,00	1026,35	-579,29	5,00	2,35	
1540	2238,00	2105,00	1053,18	-578,82	5,00	2,35	
1541	2352,00	2106,00	1106,82	-579,29	5,00	2,35	
1542	2067,00	2107,00	972,71	-579,76	10,00	4,71	
1543	2248,00	2109,00	1057,88	-580,71	5,00	2,35	
1544	2040,00	2112,00	960,00	-582,12	6,00	2,82	
1545	2422,00	2117,00	1139,76	-584,47	5,00	2,35	
1546	2131,00	2118,00	1002,82	-584,94	5,00	2,35	
1547	2113,00	2123,00	994,35	-587,29	5,00	2,35	
1548	2111,00	2124,00	993,41	-587,76	5,00	2,35	
1549	2129,00	2124,00	1001,88	-587,76	5,00	2,35	
1550	2231,00	2125,00	1049,88	-588,24	5,00	2,35	
1551	2356,00	2126,00	1108,71	-588,71	5,00	2,35	
1552	2148,00	2126,00	1010,82	-588,71	6,00	2,82	
1553	2297,00	2128,00	1080,94	-589,65	35,00	16,47	
1554	2051,00	2133,00	965,18	-592,00	8,00	3,76	
1555	2394,00	2133,00	1126,59	-592,00	22,00	10,35	
1556	2173,00	2136,00	1022,59	-593,41	6,00	2,82	
1557	2156,00	2139,00	1014,59	-594,82	8,00	3,76	
1558	2087,00	2141,00	982,12	-595,76	8,00	3,76	
1559	2070,00	2144,00	974,12	-597,18	7,00	3,29	
1560	2119,00	2146,00	997,18	-598,12	10,00	4,71	
1561	2127,00	2151,00	1000,94	-600,47	14,00	6,59	
1562	2391,00	2154,00	1125,18	-601,88	26,00	12,24	
1563	2159,00	2161,00	1016,00	-605,18	5,00	2,35	
1564	2080,00	2166,00	978,82	-607,53	7,00	3,29	
1565	2103,00	2163,00	989,65	-606,12	5,00	2,35	
1566	2131,00	2164,00	1002,82	-606,59	10,00	4,71	
1567	2291,00	2167,00	1078,12	-608,00	47,00	22,12	
1568	2094,00	2172,00	985,41	-610,35	5,00	2,35	
1569	2144,00	2173,00	1008,94	-610,82	12,00	5,65	
1570	2436,00	2174,00	1146,35	-611,29	8,00	3,76	
1571	2359,00	2178,00	1110,12	-613,18	38,00	17,88	
1572	2053,00	2179,00	966,12	-613,65	5,00	2,35	
1573	2163,00	2182,00	1017,88	-615,06	5,00	2,35	
1574	2081,00	2190,00	979,29	-618,82	7,00	3,29	
1575	2065,00	2192,00	971,76	-619,76	7,00	3,29	
1576	2453,00	2193,00	1154,35	-620,24	12,00	5,65	
1577	2063,00	2199,00	970,82	-623,06	7,00	3,29	
1578	2107,00	2204,00	991,53	-625,41	9,00	4,24	
1579	2077,00	2211,00	977,41	-628,71	7,00	3,29	
1580	2389,00	2211,00	1124,24	-628,71	19,00	8,94	
1581	2111,00	2213,00	993,41	-629,65	8,00	3,76	
1582	2147,00	2212,00	1010,35	-629,18	10,00	4,71	
1583	2391,00	2212,00	1125,18	-629,18	19,00	8,94	
1584	2398,00	2215,00	1128,47	-630,59	20,00	9,41	
1585	2422,00	2215,00	1139,76	-630,59	17,00	8,00	
1586	2184,00	2227,00	1027,76	-636,24	6,00	2,82	
1587	2100,00	2227,00	988,24	-636,24	5,00	2,35	
1588	2157,00	2232,00	1015,06	-638,59	7,00	3,29	
1589	2443,00	2232,00	1149,65	-638,59	12,00	5,65	
1590	2465,00	2232,00	1160,00	-638,59	6,00	2,82	
1591	2222,00	2233,00	1045,65	-639,06	5,00	2,35	
1592	2386,00	2247,00	1122,82	-645,65	15,00	7,06	
1593	2383,00	2252,00	1121,41	-648,00	15,00	7,06	
1594	2171,00	2253,00	1021,65	-648,47	8,00	3,76	
1595	2416,00	2263,00	1136,94	-653,18	5,00	2,35	
1596	2453,00	2262,00	1154,35	-652,71	5,00	2,35	
1597	2478,00	2263,00	1166,12	-653,18	5,00	2,35	
1598	2402,00	2266,00	1130,35	-654,59	5,00	2,35	
1599	2423,00	2268,00	1140,24	-655,53	5,00	2,35	
1600	2475,00	2270,00	1164,71	-656,47	6,00	2,82	
1601	2335,00	2271,00	1098,82	-656,94	6,00	2,82	
1602	2358,00	2273,00	1109,65	-657,88	6,00	2,82	
1603	2183,00	2275,00	1027,29	-658,82	7,00	3,29	
1604	2232,00	2275,00	1050,35	-658,82	23,00	10,82	
1605	2224,00	2278,00	1046,59	-660,24	22,00	10,35	
1606	2219,00	2280,00	1044,24	-661,18	23,00	10,82	
1607	2328,00	2280,00	1095,53	-661,18	8,00	3,76	
1608	2482,00	2283,00	1168,00	-662,59	5,00	2,35	
1609	2452,00	2283,00	1153,88	-662,59	5,00	2,35	
1610	2441,00	2288,00	1148,71	-664,94	5,00	2,35	
1611	2476,00	2293,00	1165,18	-667,29	5,00	2,35	
1612	2452,00	2294,00	1153,88	-667,76	5,00	2,35	
1613	2399,00	2295,00	1128,94	-668,24	9,00	4,24	
1614	2386,00	2296,00	1122,82	-668,71	8,00	3,76	
1615	2314,00	2299,00	1088,94	-670,12	6,00	2,82	
1616	2486,00	2302,00	1169,88	-671,53	5,00	2,35	
1617	2445,00	2301,00	1150,59	-671,06	5,00	2,35	
1618	2334,00	2306,00	1098,35	-673,41	12,00	5,65	
1619	2293,00	2307,00	1079,06	-673,88	9,00	4,24	
1620	2474,00	2312,00	1164,24	-676,24	5,00	2,35	
1621	2450,00	2316,00	1152,94	-678,12	6,00	2,82	
1622	2331,00	2317,00	1096,94	-678,59	10,00	4,71	
1623	2460,00	2317,00	1157,65	-678,59	5,00	2,35	
1624	2481,00	2319,00	1167,53	-679,53	5,00	2,35	
1625	2190,00	2324,00	1030,59	-681,88	8,00	3,76	
1626	2174,00	2324,00	1023,06	-681,88	5,00	2,35	
1627	2223,00	2328,00	1046,12	-683,76	14,00	6,59	
1628	2276,00	2328,00	1071,06	-683,76	10,00	4,71	
1629	2351,00	2330,00	1106,35	-684,71	12,00	5,65	
1630	2384,00	2328,00	1121,88	-683,76	5,00	2,35	
1631	2255,00	2329,00	1061,18	-684,24	5,00	2,35	
1632	2449,00	2330,00	1152,47	-684,71	5,00	2,35	
1633	2247,00	2331,00	1057,41	-685,18	5,00	2,35	
1634	2413,00	2340,00	1135,53	-689,41	17,00	8,00	
1635	2473,00	2342,00	1163,76	-690,35	7,00	3,29	
1636	2185,00	2340,00	1028,24	-689,41	8,00	3,76	
1637	2307,00	2341,00	1085,65	-689,88	5,00	2,35	
1638	2379,00	2342,00	1119,53	-690,35	6,00	2,82	
1639	2315,00	2345,00	1089,41	-691,76	5,00	2,35	
1640	2172,00	2351,00	1022,12	-694,59	15,00	7,06	
1641	2345,00	2355,00	1103,53	-696,47	10,00	4,71	
1642	2452,00	2355,00	1153,88	-696,47	11,00	5,18	
1643	2257,00	2360,00	1062,12	-698,82	5,00	2,35	
1644	2803,00	2361,00	1319,06	-699,29	10,00	4,71	
1645	2503,00	2364,00	1177,88	-700,71	6,00	2,82	
1646	2332,00	2368,00	1097,41	-702,59	6,00	2,82	
1647	2399,00	2370,00	1128,94	-703,53	19,00	8,94	
1648	2296,00	2374,00	1080,47	-705,41	16,00	7,53	
1649	2398,00	2372,00	1128,47	-704,47	19,00	8,94	
1650	2156,00	2373,00	1014,59	-704,94	6,00	2,82	
1651	2484,00	2375,00	1168,94	-705,88	6,00	2,82	
1652	2294,00	2379,00	1079,53	-707,76	16,00	7,53	
1653	2218,00	2386,00	1043,76	-711,06	11,00	5,18	
1654	2433,00	2384,00	1144,94	-710,12	5,00	2,35	
1655	2235,00	2387,00	1051,76	-711,53	8,00	3,76	
1656	2382,00	2391,00	1120,94	-713,41	26,00	12,24	
1657	2489,00	2394,00	1171,29	-714,82	8,00	3,76	
1658	2337,00	2395,00	1099,76	-715,29	5,00	2,35	
1659	2410,00	2395,00	1134,12	-715,29	17,00	8,00	
1660	2447,00	2396,00	1151,53	-715,76	10,00	4,71	
1661	2463,00	2396,00	1159,06	-715,76	6,00	2,82	
1662	2248,00	2398,00	1057,88	-716,71	10,00	4,71	
1663	2445,00	2397,00	1150,59	-716,24	10,00	4,71	
1664	2438,00	2399,00	1147,29	-717,18	11,00	5,18	
1665	2309,00	2401,00	1086,59	-718,12	10,00	4,71	
1666	2204,00	2406,00	1037,18	-720,47	7,00	3,29	
1667	2314,00	2406,00	1088,94	-720,47	10,00	4,71	
1668	2325,00	2424,00	1094,12	-728,94	6,00	2,82	
1669	3125,00	2525,00	1470,59	-776,47	7,00	3,29	
1670	3112,00	2555,00	1464,47	-790,59	16,00	7,53	
1671	3080,00	2562,00	1449,41	-793,88	5,00	2,35	
1672	3035,00	2678,00	1428,24	-848,47	8,00	3,76	

